#{"t_start": 1717529041.381015, "env_id": "Mordor-single-v0"}
r,l,t
0.0,14,0.003033
0.0,14,0.005366
0.0,11,0.007085
0.0,13,0.00911
0.0,41,0.015425
0.0,17,0.017924
0.0,8,0.019085
0.0,16,0.021418
0.0,22,0.02457
0.0,41,0.030449
0.0,36,0.035445
0.0,28,0.039262
0.0,14,0.041182
0.0,19,0.043766
0.0,52,0.050898
0.0,20,0.053584
0.0,37,0.058628
0.0,28,0.062483
0.0,29,0.066489
0.0,7,0.067445
0.0,70,0.077018
0.0,14,0.078937
0.0,74,0.089091
0.0,9,0.090331
0.0,59,0.098348
0.0,35,0.103145
0.0,47,0.109851
0.0,36,0.114816
0.0,45,0.120895
0.0,18,0.123334
0.0,125,0.140053
0.0,21,0.142898
0.0,78,0.153546
0.0,123,0.170097
0.0,82,0.181153
0.0,10,0.182504
0.0,63,0.191131
0.0,53,0.198375
0.0,118,0.21452
0.0,3,0.214935
0.0,26,0.218464
0.0,5,0.21915
0.0,28,0.222989
0.0,142,0.242301
0.0,11,0.243808
0.0,52,0.250894
0.0,33,0.255352
0.0,49,0.262061
0.0,13,0.263843
0.0,12,0.265485
0.0,17,0.267815
0.0,81,0.27891
0.0,32,0.283271
0.0,31,0.287455
0.0,17,0.289792
0.0,31,0.293997
0.0,13,0.29577
0.0,28,0.299555
0.0,157,0.32104
0.0,569,0.399005
0.0,343,0.446039
0.0,6,0.446868
0.0,69,0.456324
0.0,33,0.460863
0.0,112,0.476176
0.0,66,0.485234
0.0,229,0.516734
0.0,261,0.552042
0.0,310,0.594555
0.0,335,0.640351
0.0,46,0.646658
0.0,28,0.650508
0.0,8,0.651611
0.0,39,0.656938
0.0,110,0.672068
0.0,234,0.704162
0.0,189,0.730224
0.0,138,0.749186
0.0,29,0.753203
0.0,39,0.758566
0.0,115,0.774293
0.0,9,0.775539
0.0,23,0.778704
0.0,152,0.799649
0.0,21,0.802531
0.0,46,0.808823
0.0,26,0.812405
0.0,21,0.815296
0.0,59,0.823356
0.0,294,0.862776
0.0,4,0.863331
0.0,3,0.863747
0.0,29,0.867747
0.0,19,0.870363
0.0,9,0.871605
0.0,14,0.873537
0.0,40,0.879056
0.0,80,0.890126
0.0,13,0.891911
0.0,65,0.900792
0.0,13,0.90259
0.0,12,0.904242
0.0,92,0.916888
0.0,91,0.929468
0.0,53,0.936747
0.0,129,0.954577
0.0,106,0.969183
0.0,555,1.045583
0.0,70,1.055117
0.0,70,1.064724
0.0,11,1.066236
0.0,392,1.120473
0.0,25,1.123902
0.0,23,1.127073
0.0,131,1.145021
0.0,355,1.193921
0.0,399,1.247826
0.0,345,1.295218
0.0,97,1.308504
0.0,47,1.314944
0.0,115,1.330803
0.0,77,1.341328
0.0,65,1.350299
0.0,37,1.355386
0.0,58,1.363282
0.0,528,1.445387
0.0,60,1.454071
0.0,21,1.456989
0.0,117,1.473174
0.0,50,1.480226
0.0,240,1.513516
0.0,44,1.519624
0.0,46,1.525994
0.0,104,1.540469
0.0,26,1.544073
0.0,151,1.565088
0.0,51,1.572139
0.0,48,1.578808
0.0,55,1.586429
0.0,43,1.592297
0.0,61,1.600695
0.0,61,1.6092
0.0,137,1.628246
0.0,60,1.636585
0.0,100,1.650449
0.0,20,1.653228
0.0,255,1.688371
0.0,77,1.699075
0.0,38,1.704331
0.0,54,1.711735
0.0,197,1.739054
0.0,191,1.765188
0.0,71,1.774995
0.0,44,1.781112
0.0,333,1.827453
0.0,110,1.842554
0.0,66,1.851675
0.0,17,1.854038
0.0,641,1.943097
0.0,51,1.950177
0.0,182,1.974877
0.0,226,2.006263
0.0,46,2.012508
0.0,440,2.073607
0.0,128,2.091341
0.0,15,2.093419
0.0,49,2.100219
0.0,96,2.113566
0.0,47,2.120426
0.0,91,2.132972
0.0,98,2.146594
0.0,256,2.181381
0.0,176,2.2058
0.0,167,2.229097
0.0,70,2.238856
0.0,48,2.245466
0.0,74,2.255757
0.0,33,2.260342
0.0,37,2.265502
0.0,50,2.272416
0.0,34,2.277148
0.0,55,2.284765
0.0,11,2.286296
0.0,89,2.29852
0.0,120,2.315173
0.0,29,2.319225
0.0,30,2.323379
0.0,130,2.341449
0.0,17,2.343818
0.0,8,2.344927
0.0,72,2.35485
0.0,107,2.369792
0.0,55,2.377435
0.0,35,2.382285
1.0,76,2.392756
0.0,56,2.400568
0.0,70,2.410319
0.0,23,2.413507
0.0,43,2.419483
0.0,32,2.423892
1.0,308,2.46664
0.0,54,2.474143
0.0,251,2.508972
0.0,87,2.521025
1.0,466,2.585764
0.0,57,2.593691
1.0,308,2.636328
0.0,17,2.638696
0.0,13,2.640504
0.0,97,2.653993
0.0,90,2.666519
0.0,140,2.685833
0.0,31,2.690139
0.0,44,2.696239
0.0,16,2.698451
1.0,65,2.707389
0.0,173,2.730863
0.0,180,2.755864
1.0,73,2.765881
0.0,38,2.771455
1.0,278,2.81012
0.0,243,2.844041
0.0,81,2.855312
1.0,68,2.86468
1.0,141,2.884345
0.0,128,2.902123
0.0,18,2.904617
0.0,14,2.906563
0.0,11,2.908094
1.0,131,2.926254
0.0,40,2.931783
1.0,99,2.945513
0.0,154,2.966497
0.0,18,2.968996
0.0,88,2.981207
0.0,47,2.987773
0.0,27,2.99153
1.0,197,3.018873
1.0,44,3.024922
1.0,45,3.031141
1.0,130,3.04919
0.0,40,3.054749
0.0,23,3.057952
1.0,46,3.064279
1.0,41,3.069949
0.0,16,3.072175
1.0,130,3.090215
0.0,115,3.106254
0.0,144,3.126648
0.0,75,3.137087
0.0,50,3.144017
1.0,37,3.149123
1.0,63,3.157853
1.0,52,3.165034
1.0,89,3.177361
0.0,138,3.1965
1.0,78,3.207303
0.0,146,3.227606
1.0,39,3.232992
0.0,7,3.233955
1.0,62,3.24254
1.0,44,3.248649
0.0,33,3.253183
0.0,18,3.25568
0.0,670,3.346052
1.0,31,3.350313
0.0,5,3.351009
1.0,38,3.356246
0.0,146,3.376591
0.0,13,3.37838
1.0,43,3.384335
1.0,33,3.388887
1.0,35,3.393712
0.0,65,3.402745
1.0,37,3.407817
1.0,34,3.412486
0.0,221,3.442413
1.0,31,3.446715
1.0,39,3.452069
1.0,38,3.457284
0.0,22,3.460306
1.0,36,3.465267
1.0,30,3.469407
1.0,32,3.47382
0.0,36,3.478789
1.0,38,3.484001
1.0,30,3.488135
0.0,120,3.504743
1.0,32,3.509155
1.0,33,3.513715
1.0,32,3.51813
1.0,31,3.522395
1.0,34,3.527081
0.0,25,3.530499
0.0,25,3.533924
0.0,58,3.541977
0.0,18,3.544472
1.0,36,3.549434
1.0,43,3.55536
0.0,21,3.558254
1.0,32,3.562667
1.0,35,3.567502
1.0,37,3.572613
1.0,35,3.577447
1.0,32,3.581844
0.0,19,3.584448
0.0,41,3.590081
0.0,9,3.591316
1.0,35,3.596141
0.0,20,3.598882
1.0,34,3.603561
1.0,40,3.609063
1.0,34,3.613742
1.0,48,3.620361
1.0,34,3.625041
1.0,36,3.630014
0.0,19,3.6326
1.0,36,3.637555
0.0,30,3.641682
1.0,37,3.646784
1.0,37,3.651888
0.0,25,3.655333
1.0,30,3.659471
0.0,8,3.660557
1.0,30,3.664694
1.0,36,3.669669
0.0,9,3.670905
0.0,26,3.674491
0.0,28,3.678342
1.0,38,3.683575
1.0,39,3.68894
1.0,35,3.693746
1.0,69,3.703308
1.0,35,3.708099
0.0,9,3.70935
1.0,32,3.713756
0.0,7,3.714713
1.0,30,3.718854
1.0,30,3.722988
1.0,30,3.727118
1.0,37,3.732211
0.0,17,3.73454
1.0,35,3.739371
1.0,31,3.743641
1.0,36,3.748617
1.0,38,3.753857
1.0,30,3.758002
1.0,140,3.777445
1.0,41,3.783097
0.0,27,3.786827
1.0,31,3.7911
1.0,34,3.795793
1.0,32,3.800182
1.0,39,3.805541
1.0,38,3.810788
1.0,40,3.816294
1.0,35,3.82112
0.0,54,3.828615
1.0,33,3.833162
0.0,7,3.834123
1.0,39,3.839508
1.0,30,3.843672
1.0,32,3.848089
1.0,33,3.85261
1.0,37,3.857709
1.0,48,3.864349
0.0,22,3.867378
1.0,34,3.872062
1.0,34,3.876779
1.0,35,3.881608
1.0,31,3.885901
0.0,9,3.887138
1.0,32,3.891553
1.0,31,3.895823
1.0,34,3.900512
1.0,31,3.904766
1.0,34,3.909471
1.0,34,3.914154
1.0,32,3.918577
1.0,36,3.923529
1.0,33,3.92806
1.0,34,3.932732
1.0,30,3.936868
0.0,27,3.940579
1.0,30,3.944719
1.0,32,3.949136
1.0,31,3.9534
1.0,33,3.957955
0.0,10,3.959329
1.0,35,3.964113
1.0,37,3.969211
1.0,36,3.974199
1.0,35,3.979016
0.0,13,3.980806
1.0,36,3.98577
1.0,37,3.99085
1.0,32,3.995266
1.0,34,3.999965
1.0,31,4.004238
1.0,31,4.008505
1.0,30,4.012632
1.0,36,4.01759
0.0,16,4.019791
1.0,32,4.024207
1.0,42,4.030009
1.0,36,4.034954
1.0,32,4.039393
1.0,31,4.043655
1.0,33,4.048202
1.0,32,4.052607
0.0,15,4.054675
1.0,32,4.059075
1.0,31,4.063337
1.0,34,4.068024
1.0,32,4.072426
1.0,36,4.077395
1.0,35,4.082236
1.0,34,4.086916
1.0,37,4.092032
1.0,34,4.096726
1.0,34,4.101417
1.0,33,4.105996
0.0,71,4.115823
1.0,32,4.120236
0.0,14,4.122161
0.0,16,4.124578
1.0,39,4.130063
1.0,34,4.134739
1.0,36,4.139708
1.0,34,4.144393
0.0,9,4.145633
1.0,33,4.150259
1.0,38,4.155498
1.0,35,4.160327
1.0,31,4.164599
1.0,30,4.168757
1.0,32,4.173158
0.0,40,4.178661
1.0,35,4.183509
0.0,36,4.188476
1.0,31,4.192747
1.0,33,4.197322
1.0,32,4.20172
1.0,34,4.206395
1.0,34,4.211098
0.0,17,4.213428
1.0,32,4.217822
1.0,32,4.222234
0.0,14,4.224145
1.0,32,4.228546
1.0,30,4.232676
1.0,33,4.237253
1.0,31,4.241502
1.0,35,4.246323
1.0,33,4.250848
1.0,30,4.254979
1.0,30,4.259119
1.0,32,4.26361
1.0,33,4.268174
0.0,30,4.272299
1.0,34,4.27699
1.0,33,4.281537
1.0,32,4.285963
1.0,32,4.290379
1.0,32,4.294789
1.0,36,4.299763
1.0,30,4.303926
1.0,32,4.308314
0.0,11,4.309837
1.0,32,4.314245
0.0,30,4.318404
1.0,32,4.322826
1.0,32,4.327249
1.0,32,4.33166
0.0,48,4.338319
1.0,34,4.343007
1.0,36,4.347977
0.0,11,4.34949
1.0,32,4.353921
1.0,35,4.358732
0.0,17,4.361066
1.0,33,4.365645
0.0,25,4.369062
1.0,30,4.373201
0.0,26,4.376787
1.0,36,4.381748
0.0,29,4.385745
0.0,13,4.387535
1.0,37,4.39264
1.0,31,4.396911
1.0,31,4.40117
1.0,30,4.405309
1.0,36,4.410284
1.0,35,4.415101
1.0,32,4.419513
1.0,32,4.423925
1.0,37,4.429014
1.0,32,4.433443
1.0,34,4.438116
1.0,38,4.443336
1.0,32,4.447755
1.0,34,4.452453
1.0,33,4.456989
1.0,36,4.461946
1.0,36,4.466909
0.0,23,4.470081
0.0,27,4.473798
1.0,30,4.477924
1.0,34,4.482616
0.0,23,4.485788
1.0,36,4.490742
1.0,38,4.49596
1.0,35,4.500805
1.0,31,4.505061
1.0,35,4.509864
0.0,15,4.511929
0.0,29,4.51594
1.0,37,4.52103
1.0,34,4.525706
1.0,32,4.530116
0.0,17,4.532448
1.0,35,4.537289
1.0,35,4.542118
0.0,78,4.552919
1.0,32,4.557334
1.0,36,4.562273
1.0,36,4.567252
1.0,36,4.572214
1.0,30,4.576361
1.0,32,4.580755
1.0,36,4.585718
0.0,15,4.587783
1.0,36,4.592747
1.0,32,4.597172
1.0,30,4.601309
1.0,32,4.605702
0.0,25,4.609144
0.0,16,4.611343
1.0,34,4.616039
1.0,32,4.620426
1.0,33,4.624976
1.0,34,4.629673
1.0,39,4.635021
1.0,31,4.639296
1.0,35,4.644101
1.0,33,4.648662
1.0,33,4.653214
0.0,25,4.656664
0.0,51,4.663723
1.0,35,4.668543
1.0,33,4.673074
1.0,43,4.67898
1.0,31,4.683238
1.0,36,4.6882
0.0,15,4.690259
1.0,34,4.694922
1.0,31,4.699188
0.0,17,4.701523
1.0,32,4.70592
1.0,32,4.710303
0.0,23,4.713468
1.0,30,4.717603
1.0,32,4.722007
0.0,25,4.725446
0.0,16,4.727645
1.0,36,4.732603
0.0,22,4.735648
1.0,32,4.740055
1.0,34,4.744741
1.0,36,4.749687
0.0,9,4.750922
0.0,7,4.751878
1.0,36,4.756803
0.0,9,4.75803
1.0,34,4.762716
0.0,7,4.763673
1.0,39,4.769036
1.0,30,4.773167
1.0,30,4.777287
0.0,28,4.781116
0.0,10,4.782476
1.0,32,4.786875
1.0,178,4.811546
1.0,35,4.816372
1.0,32,4.820776
1.0,32,4.825189
1.0,32,4.829624
1.0,35,4.834444
1.0,32,4.83885
1.0,31,4.843117
0.0,70,4.85281
1.0,32,4.857227
1.0,36,4.862172
0.0,29,4.866182
0.0,27,4.869917
1.0,34,4.874594
1.0,32,4.879014
1.0,33,4.883558
0.0,24,4.886873
1.0,32,4.891277
0.0,33,4.895859
1.0,34,4.900559
1.0,32,4.904975
0.0,26,4.908561
1.0,39,4.91394
0.0,7,4.914902
1.0,34,4.919591
0.0,19,4.922204
1.0,34,4.926898
0.0,21,4.929786
1.0,40,4.935309
0.0,19,4.937918
1.0,38,4.943151
0.0,27,4.946864
1.0,32,4.95128
1.0,37,4.95637
1.0,30,4.960541
0.0,124,4.977721
1.0,38,4.982966
1.0,32,4.987378
1.0,35,4.992204
1.0,31,4.996481
1.0,30,5.000625
0.0,86,5.012561
1.0,32,5.016976
0.0,20,5.019721
1.0,38,5.024988
1.0,35,5.029801
1.0,33,5.03435
1.0,34,5.039069
0.0,19,5.041684
1.0,33,5.046223
0.0,19,5.048835
1.0,31,5.053108
1.0,32,5.057523
0.0,21,5.060422
0.0,9,5.061658
1.0,31,5.065926
1.0,34,5.070611
1.0,48,5.077254
1.0,35,5.082087
1.0,30,5.086224
1.0,30,5.090386
1.0,31,5.094664
1.0,34,5.099368
1.0,34,5.104062
1.0,36,5.109037
1.0,35,5.11386
1.0,33,5.118415
0.0,28,5.122277
0.0,29,5.126284
1.0,34,5.131299
1.0,30,5.135445
1.0,32,5.139853
1.0,34,5.144533
1.0,32,5.148946
1.0,32,5.153341
1.0,33,5.157919
1.0,35,5.162738
1.0,38,5.167986
1.0,36,5.172941
0.0,9,5.174179
1.0,32,5.178597
1.0,32,5.183006
1.0,32,5.187417
1.0,30,5.191551
0.0,30,5.195721
1.0,30,5.199852
1.0,37,5.204943
1.0,34,5.209638
1.0,34,5.214329
0.0,47,5.220838
1.0,30,5.225003
1.0,32,5.229414
1.0,38,5.234644
1.0,36,5.239581
1.0,38,5.244812
1.0,40,5.250316
1.0,34,5.255
1.0,32,5.2594
1.0,34,5.264103
1.0,34,5.268788
1.0,35,5.273628
1.0,30,5.277767
1.0,37,5.282873
1.0,35,5.287741
1.0,30,5.291885
1.0,30,5.296016
1.0,31,5.300282
0.0,17,5.302623
0.0,31,5.306905
1.0,34,5.311601
1.0,30,5.315734
1.0,35,5.320558
0.0,17,5.322908
1.0,34,5.327595
0.0,29,5.331592
1.0,34,5.336258
1.0,39,5.341639
0.0,23,5.344784
1.0,30,5.348912
0.0,19,5.351513
1.0,32,5.355937
1.0,33,5.360473
1.0,30,5.364601
1.0,30,5.368741
1.0,32,5.373123
0.0,7,5.374083
1.0,32,5.378496
1.0,38,5.383707
1.0,34,5.388376
1.0,39,5.393747
0.0,23,5.396913
1.0,31,5.401182
0.0,51,5.408205
1.0,35,5.413021
1.0,31,5.417291
1.0,30,5.421451
0.0,15,5.423515
1.0,39,5.428886
1.0,38,5.434112
1.0,30,5.438253
1.0,30,5.442386
0.0,25,5.445827
1.0,30,5.44996
1.0,33,5.454486
1.0,37,5.459574
1.0,30,5.463705
1.0,36,5.468655
1.0,37,5.473758
1.0,34,5.478433
0.0,70,5.488109
1.0,35,5.492935
1.0,38,5.498158
1.0,34,5.502837
0.0,9,5.504064
0.0,7,5.505023
0.0,26,5.5086
1.0,36,5.513557
1.0,32,5.517975
1.0,33,5.522496
1.0,38,5.527792
1.0,32,5.532207
0.0,11,5.53372
0.0,18,5.536192
0.0,25,5.53963
0.0,27,5.543337
1.0,33,5.547881
1.0,32,5.552311
1.0,35,5.557116
1.0,36,5.56206
1.0,37,5.567206
1.0,38,5.572455
1.0,32,5.576867
1.0,41,5.582531
1.0,35,5.587356
0.0,26,5.590938
0.0,17,5.5933
1.0,32,5.597708
0.0,30,5.601826
1.0,33,5.60636
0.0,13,5.608167
0.0,11,5.609679
1.0,32,5.614082
1.0,31,5.618391
0.0,38,5.623637
1.0,32,5.628024
1.0,36,5.632968
1.0,34,5.63765
1.0,31,5.6419
1.0,35,5.646779
1.0,31,5.651033
1.0,33,5.655583
1.0,32,5.659977
0.0,8,5.661072
0.0,9,5.662304
1.0,40,5.667804
1.0,35,5.672612
1.0,33,5.67715
0.0,9,5.678387
1.0,33,5.682938
1.0,34,5.687608
1.0,149,5.708263
1.0,39,5.713636
1.0,34,5.718331
1.0,31,5.722603
1.0,30,5.726757
1.0,32,5.731167
1.0,33,5.735726
1.0,35,5.740554
1.0,30,5.744682
1.0,33,5.74925
1.0,32,5.75367
1.0,32,5.75808
0.0,25,5.761531
1.0,34,5.766222
1.0,30,5.770362
1.0,36,5.775328
1.0,36,5.780296
1.0,34,5.78497
0.0,17,5.787305
1.0,30,5.791442
1.0,34,5.796134
1.0,36,5.80108
1.0,32,5.805505
1.0,36,5.810455
1.0,34,5.815174
1.0,35,5.820013
0.0,20,5.822767
1.0,34,5.827456
1.0,35,5.832269
1.0,36,5.837248
1.0,32,5.841665
1.0,35,5.846467
1.0,34,5.851135
1.0,34,5.855833
1.0,35,5.860635
0.0,21,5.863524
1.0,34,5.868229
1.0,36,5.873191
0.0,21,5.876091
0.0,31,5.88044
0.0,36,5.885423
1.0,35,5.89025
1.0,30,5.89439
1.0,34,5.899105
0.0,15,5.901171
1.0,36,5.906145
1.0,36,5.911105
1.0,32,5.915523
0.0,39,5.920937
0.0,29,5.924915
1.0,35,5.929723
0.0,15,5.931785
1.0,30,5.935917
1.0,30,5.940063
1.0,34,5.94478
0.0,30,5.948922
1.0,37,5.954022
0.0,28,5.957882
1.0,32,5.962288
1.0,32,5.966681
1.0,33,5.971232
1.0,40,5.976735
1.0,33,5.981269
1.0,30,5.985379
0.0,21,5.988277
1.0,32,5.992685
1.0,38,5.997889
1.0,30,6.001997
1.0,40,6.00746
1.0,33,6.012017
0.0,17,6.014351
0.0,102,6.028455
1.0,33,6.033003
1.0,37,6.038099
1.0,36,6.043064
1.0,32,6.047477
1.0,34,6.052165
1.0,36,6.05713
0.0,113,6.072793
1.0,33,6.077357
1.0,31,6.081625
1.0,38,6.086855
1.0,34,6.091545
1.0,34,6.096231
0.0,15,6.098292
1.0,32,6.1027
1.0,35,6.107528
1.0,30,6.111662
0.0,82,6.123025
0.0,13,6.124808
1.0,36,6.129762
1.0,32,6.13446
1.0,36,6.139471
1.0,39,6.144856
1.0,30,6.148987
1.0,36,6.153939
1.0,31,6.158199
1.0,32,6.162579
1.0,34,6.167268
1.0,32,6.171663
1.0,31,6.17593
0.0,27,6.179622
1.0,34,6.184283
1.0,33,6.188825
1.0,40,6.194334
1.0,31,6.198599
1.0,34,6.203256
1.0,31,6.207531
1.0,36,6.2125
1.0,31,6.216767
0.0,25,6.220165
1.0,36,6.225102
1.0,31,6.229366
1.0,32,6.23377
1.0,35,6.238555
0.0,32,6.242951
1.0,35,6.247771
1.0,31,6.252027
1.0,34,6.256704
1.0,30,6.260814
0.0,18,6.263301
0.0,10,6.264671
1.0,33,6.269217
0.0,23,6.272374
1.0,33,6.27692
1.0,33,6.281454
1.0,36,6.286422
0.0,9,6.287658
1.0,30,6.291785
1.0,34,6.296465
1.0,34,6.301133
0.0,7,6.302087
1.0,31,6.306343
0.0,11,6.307854
1.0,35,6.312668
0.0,15,6.314723
0.0,38,6.319979
1.0,32,6.324392
0.0,19,6.326997
0.0,17,6.329325
1.0,37,6.334411
1.0,30,6.338542
0.0,23,6.341713
1.0,38,6.346956
1.0,35,6.351778
1.0,35,6.356593
0.0,26,6.36017
1.0,34,6.364859
1.0,35,6.369676
0.0,35,6.374498
1.0,35,6.379329
0.0,15,6.381392
0.0,19,6.383994
1.0,32,6.388393
1.0,36,6.39335
0.0,57,6.401233
1.0,33,6.405794
0.0,7,6.406757
1.0,32,6.411168
1.0,31,6.415444
1.0,31,6.419688
1.0,35,6.424494
1.0,32,6.428907
1.0,31,6.433168
1.0,32,6.437577
0.0,21,6.440466
1.0,34,6.44515
0.0,29,6.449151
0.0,29,6.453146
1.0,33,6.457702
0.0,23,6.460851
1.0,33,6.465379
1.0,32,6.469796
1.0,38,6.475041
1.0,41,6.480692
1.0,31,6.484947
1.0,30,6.489086
0.0,23,6.49224
0.0,17,6.494583
1.0,30,6.498723
1.0,32,6.503133
1.0,30,6.507269
0.0,23,6.510451
1.0,30,6.514593
1.0,34,6.519271
0.0,17,6.521614
1.0,34,6.526303
0.0,19,6.528923
1.0,31,6.53317
1.0,32,6.537605
1.0,36,6.542551
1.0,33,6.547105
1.0,34,6.551794
1.0,31,6.556065
1.0,36,6.561031
1.0,30,6.565175
1.0,37,6.570293
1.0,39,6.575662
0.0,19,6.578279
1.0,36,6.583232
1.0,30,6.587367
1.0,35,6.592175
0.0,24,6.595507
1.0,35,6.600347
1.0,32,6.60478
0.0,21,6.607667
0.0,24,6.610969
0.0,23,6.614124
1.0,34,6.618813
0.0,17,6.621145
1.0,36,6.626108
0.0,21,6.628974
0.0,116,6.645044
1.0,32,6.64948
1.0,32,6.653881
1.0,33,6.658434
1.0,33,6.662984
1.0,35,6.667808
1.0,31,6.672101
1.0,32,6.676518
1.0,30,6.680646
1.0,33,6.685182
0.0,31,6.689453
1.0,33,6.693994
1.0,32,6.698421
1.0,34,6.7031
1.0,30,6.707239
0.0,21,6.710117
1.0,36,6.71508
1.0,30,6.71921
1.0,37,6.72429
1.0,32,6.728704
1.0,36,6.733664
0.0,19,6.7363
0.0,15,6.738379
1.0,39,6.743735
1.0,36,6.748695
1.0,35,6.753504
1.0,35,6.758338
1.0,33,6.76289
0.0,24,6.766182
1.0,35,6.771012
1.0,35,6.775829
1.0,30,6.779968
1.0,36,6.784935
0.0,30,6.789118
1.0,31,6.793392
1.0,30,6.797519
1.0,32,6.80193
0.0,27,6.80564
0.0,9,6.806878
1.0,35,6.811696
1.0,32,6.816105
1.0,36,6.821031
1.0,33,6.825572
1.0,31,6.829833
0.0,36,6.834796
1.0,32,6.839204
1.0,32,6.843615
1.0,33,6.848167
1.0,31,6.852431
1.0,33,6.856979
0.0,7,6.857936
1.0,35,6.862731
0.0,19,6.865343
0.0,27,6.869097
1.0,38,6.874333
0.0,7,6.875291
1.0,32,6.879698
1.0,30,6.883822
1.0,34,6.888511
1.0,34,6.893176
1.0,37,6.898274
0.0,27,6.901988
0.0,51,6.909126
1.0,33,6.913667
1.0,30,6.917785
1.0,35,6.922586
1.0,36,6.927542
1.0,33,6.93209
0.0,23,6.935242
1.0,32,6.939639
1.0,34,6.944329
1.0,37,6.949472
0.0,21,6.95234
1.0,33,6.95687
1.0,31,6.961149
0.0,18,6.963615
1.0,33,6.96815
1.0,37,6.973239
1.0,34,6.977916
0.0,17,6.980248
1.0,34,6.984929
0.0,9,6.986167
0.0,15,6.988225
0.0,58,6.996256
1.0,34,7.000947
1.0,36,7.005903
1.0,37,7.011027
1.0,36,7.01598
1.0,33,7.020519
1.0,34,7.02519
0.0,26,7.028764
0.0,15,7.030825
1.0,37,7.035891
1.0,36,7.040846
0.0,22,7.043855
1.0,33,7.048387
1.0,30,7.052514
1.0,30,7.056643
0.0,29,7.060608
1.0,36,7.065572
1.0,35,7.070391
1.0,38,7.075625
1.0,34,7.080291
1.0,36,7.085242
1.0,30,7.089372
0.0,23,7.092529
1.0,34,7.09719
1.0,32,7.101593
0.0,7,7.102548
1.0,34,7.107234
1.0,32,7.111623
1.0,30,7.115755
1.0,33,7.120284
1.0,31,7.12454
1.0,34,7.129224
1.0,30,7.133364
1.0,36,7.138594
1.0,35,7.143449
1.0,34,7.148109
1.0,33,7.152653
1.0,31,7.156926
1.0,38,7.16217
1.0,35,7.166966
1.0,33,7.171489
1.0,32,7.175883
1.0,34,7.180562
0.0,23,7.183719
1.0,36,7.18868
1.0,32,7.193071
1.0,33,7.197616
1.0,33,7.202157
0.0,19,7.204763
1.0,32,7.209163
0.0,7,7.210135
1.0,32,7.21451
0.0,19,7.21712
1.0,35,7.22192
1.0,32,7.226324
1.0,35,7.231122
1.0,31,7.235371
1.0,33,7.239918
1.0,36,7.244869
1.0,35,7.24969
1.0,35,7.254502
1.0,32,7.25891
0.0,9,7.260141
1.0,33,7.26471
1.0,30,7.268838
0.0,3,7.269255
1.0,38,7.274485
1.0,35,7.279313
1.0,33,7.28385
0.0,25,7.287276
0.0,17,7.289605
0.0,25,7.293037
1.0,33,7.29759
1.0,32,7.301989
0.0,13,7.303774
1.0,34,7.308469
1.0,33,7.313007
1.0,36,7.317981
0.0,7,7.318943
1.0,38,7.324189
0.0,29,7.328221
1.0,34,7.332889
1.0,30,7.337044
1.0,35,7.341856
1.0,31,7.346114
1.0,34,7.350794
1.0,34,7.355466
1.0,31,7.359727
1.0,32,7.364141
0.0,15,7.366209
1.0,30,7.370346
1.0,31,7.374624
0.0,11,7.376137
1.0,30,7.380262
1.0,33,7.384786
1.0,32,7.389188
1.0,32,7.393627
0.0,7,7.394582
0.0,17,7.396911
1.0,32,7.401311
1.0,30,7.405444
0.0,7,7.406409
0.0,20,7.409147
1.0,33,7.413671
1.0,30,7.417789
1.0,31,7.422059
1.0,40,7.427533
0.0,7,7.42849
1.0,30,7.432616
1.0,37,7.437715
1.0,32,7.442116
1.0,36,7.447063
1.0,32,7.451466
1.0,40,7.456951
0.0,38,7.462226
1.0,35,7.467042
1.0,33,7.471565
1.0,32,7.475967
0.0,15,7.478025
0.0,17,7.48036
0.0,29,7.484326
0.0,24,7.487623
1.0,33,7.492147
1.0,36,7.497104
1.0,32,7.501507
1.0,30,7.505623
1.0,33,7.510147
0.0,9,7.511381
1.0,35,7.516184
1.0,36,7.521139
1.0,30,7.525286
1.0,33,7.529821
0.0,17,7.532154
1.0,35,7.536953
0.0,17,7.539276
1.0,32,7.543685
1.0,30,7.547811
0.0,10,7.549183
1.0,33,7.553716
1.0,36,7.558645
0.0,17,7.560971
1.0,32,7.565359
1.0,40,7.570863
0.0,7,7.571823
0.0,17,7.574165
1.0,38,7.579367
1.0,32,7.583763
1.0,31,7.588019
1.0,32,7.592425
1.0,31,7.59667
0.0,13,7.598447
1.0,32,7.602849
1.0,32,7.607233
1.0,32,7.61162
1.0,32,7.616012
0.0,93,7.628878
1.0,32,7.633301
0.0,26,7.636873
1.0,35,7.641679
1.0,33,7.646229
1.0,33,7.650762
0.0,19,7.653383
1.0,32,7.657812
0.0,17,7.66016
1.0,32,7.66457
1.0,37,7.669669
1.0,33,7.674217
0.0,25,7.677668
0.0,9,7.678906
1.0,31,7.683158
0.0,47,7.689663
0.0,7,7.690622
1.0,32,7.695032
1.0,35,7.699867
1.0,33,7.704413
1.0,30,7.708555
1.0,30,7.712692
0.0,24,7.715986
1.0,33,7.720519
1.0,43,7.726447
1.0,34,7.731126
1.0,32,7.735526
1.0,32,7.739931
0.0,17,7.742271
1.0,33,7.746819
1.0,31,7.751088
1.0,33,7.755638
1.0,38,7.760882
1.0,35,7.765678
1.0,36,7.770636
1.0,30,7.774763
1.0,36,7.779718
0.0,35,7.784533
1.0,38,7.789805
1.0,32,7.794211
1.0,32,7.798616
1.0,35,7.803444
1.0,30,7.807579
1.0,34,7.812245
1.0,33,7.816788
1.0,33,7.821329
1.0,36,7.826284
1.0,30,7.830413
1.0,31,7.834666
1.0,32,7.839075
1.0,32,7.843496
1.0,32,7.847919
0.0,9,7.849156
1.0,30,7.853301
1.0,37,7.858395
1.0,35,7.863531
1.0,31,7.867827
1.0,32,7.872242
1.0,35,7.877047
1.0,34,7.881726
0.0,21,7.884609
1.0,38,7.889813
0.0,99,7.903565
1.0,37,7.908677
0.0,27,7.912394
0.0,89,7.924743
0.0,29,7.928758
1.0,37,7.933848
1.0,30,7.937981
1.0,33,7.942532
1.0,30,7.946672
1.0,35,7.951501
1.0,35,7.95632
1.0,32,7.960741
1.0,30,7.964881
0.0,7,7.96584
1.0,30,7.969981
1.0,33,7.974537
1.0,34,7.979228
1.0,31,7.983485
1.0,35,7.988305
0.0,13,7.990097
1.0,36,7.995058
1.0,32,7.999482
1.0,32,8.003917
1.0,40,8.009468
1.0,32,8.013894
1.0,37,8.019017
1.0,37,8.024333
1.0,32,8.028774
1.0,36,8.033728
1.0,32,8.038151
1.0,34,8.042859
0.0,22,8.045881
1.0,36,8.050834
0.0,24,8.054149
1.0,32,8.058562
1.0,31,8.062839
1.0,30,8.066977
0.0,21,8.069862
1.0,34,8.07454
1.0,31,8.078828
0.0,31,8.083091
1.0,37,8.088172
1.0,36,8.09313
0.0,19,8.095743
1.0,34,8.100442
1.0,33,8.10499
1.0,33,8.109542
0.0,106,8.124287
1.0,30,8.128434
0.0,31,8.132724
1.0,33,8.137283
1.0,34,8.142046
1.0,31,8.146579
0.0,23,8.149788
0.0,33,8.154354
0.0,19,8.15698
1.0,32,8.161411
1.0,34,8.166111
0.0,15,8.168186
0.0,18,8.17067
1.0,35,8.17552
1.0,32,8.179961
1.0,40,8.185532
1.0,31,8.189819
1.0,33,8.194394
1.0,31,8.19868
1.0,33,8.203239
0.0,17,8.205581
1.0,32,8.210022
0.0,22,8.213079
1.0,30,8.217235
1.0,32,8.221672
0.0,27,8.225391
1.0,30,8.229547
0.0,30,8.23371
1.0,32,8.238128
1.0,37,8.243246
1.0,38,8.248537
1.0,33,8.253102
1.0,32,8.257514
1.0,30,8.261663
0.0,16,8.263882
1.0,33,8.268458
1.0,32,8.272885
0.0,21,8.27578
1.0,38,8.28101
1.0,34,8.285796
0.0,27,8.289533
1.0,31,8.293796
1.0,30,8.297921
1.0,33,8.302462
0.0,25,8.305917
1.0,30,8.310054
1.0,32,8.314475
1.0,30,8.318608
0.0,7,8.31957
1.0,35,8.324424
1.0,34,8.329092
1.0,33,8.333647
1.0,35,8.338469
1.0,32,8.342897
1.0,30,8.347045
1.0,32,8.351456
1.0,36,8.356389
1.0,32,8.360783
1.0,30,8.36491
1.0,33,8.369444
1.0,31,8.373698
1.0,36,8.378647
1.0,36,8.383628
1.0,30,8.387761
1.0,33,8.392286
1.0,30,8.39647
1.0,34,8.401145
1.0,32,8.405543
1.0,33,8.410086
1.0,34,8.414769
1.0,34,8.419454
1.0,30,8.423582
0.0,15,8.425638
0.0,16,8.427829
1.0,34,8.432488
1.0,37,8.437569
0.0,13,8.439354
1.0,36,8.444325
1.0,33,8.448894
0.0,7,8.449852
1.0,34,8.454524
1.0,30,8.458656
1.0,30,8.462797
1.0,38,8.468025
1.0,30,8.47215
1.0,31,8.476415
1.0,40,8.481926
1.0,34,8.486614
0.0,13,8.488409
1.0,34,8.493088
1.0,34,8.497773
1.0,32,8.502175
0.0,41,8.507854
1.0,33,8.512434
1.0,32,8.516842
1.0,34,8.521516
1.0,37,8.526606
0.0,35,8.531437
1.0,34,8.536105
0.0,26,8.539709
0.0,17,8.54204
1.0,31,8.546304
1.0,33,8.550836
0.0,47,8.557328
1.0,35,8.562156
1.0,32,8.566558
1.0,32,8.570962
0.0,19,8.573559
0.0,36,8.578526
0.0,17,8.580878
1.0,32,8.585282
1.0,30,8.58941
0.0,23,8.592569
1.0,30,8.596692
1.0,34,8.60135
0.0,21,8.604236
1.0,34,8.608917
0.0,8,8.610006
1.0,32,8.614404
0.0,7,8.61536
1.0,32,8.619767
1.0,39,8.625135
0.0,18,8.627611
1.0,33,8.632156
0.0,9,8.633391
0.0,21,8.636265
1.0,32,8.640679
1.0,32,8.645098
1.0,31,8.649364
0.0,11,8.650868
1.0,31,8.655113
1.0,30,8.659239
1.0,34,8.663929
0.0,27,8.667646
1.0,37,8.672748
1.0,33,8.677301
0.0,7,8.678268
0.0,19,8.680879
1.0,32,8.685316
1.0,35,8.690146
1.0,34,8.694829
1.0,31,8.699091
1.0,30,8.703248
1.0,34,8.707945
1.0,32,8.712348
1.0,30,8.716482
1.0,30,8.720618
1.0,36,8.725589
1.0,37,8.730675
1.0,32,8.735076
1.0,39,8.740471
1.0,33,8.745002
1.0,34,8.749679
1.0,32,8.754098
0.0,18,8.756569
1.0,38,8.761817
1.0,30,8.76595
0.0,23,8.769127
1.0,30,8.773311
0.0,26,8.776892
1.0,38,8.782137
1.0,34,8.786831
0.0,21,8.789716
0.0,19,8.792329
1.0,34,8.797027
1.0,34,8.801704
0.0,13,8.803497
0.0,12,8.805135
0.0,14,8.807058
0.0,86,8.819
1.0,32,8.82343
1.0,38,8.828682
1.0,36,8.833658
1.0,32,8.838083
1.0,38,8.843354
1.0,38,8.848592
1.0,34,8.853295
1.0,37,8.858401
1.0,32,8.862819
1.0,32,8.867232
1.0,32,8.871657
1.0,40,8.877194
1.0,30,8.881329
1.0,32,8.885738
1.0,35,8.890554
0.0,65,8.899574
1.0,33,8.904118
0.0,43,8.910084
1.0,30,8.914215
1.0,34,8.918885
1.0,32,8.923313
1.0,38,8.928567
1.0,30,8.932709
1.0,33,8.937254
1.0,36,8.94223
1.0,37,8.947351
1.0,31,8.951625
0.0,27,8.955354
1.0,34,8.960039
1.0,34,8.964725
0.0,7,8.965684
1.0,38,8.970942
1.0,34,8.97564
1.0,37,8.980731
1.0,35,8.985549
1.0,36,8.990497
0.0,70,9.00019
0.0,26,9.003764
1.0,31,9.00803
1.0,33,9.012581
1.0,34,9.01725
0.0,27,9.020963
1.0,37,9.026035
1.0,32,9.030438
1.0,30,9.034571
1.0,38,9.039826
0.0,9,9.04106
1.0,33,9.045619
1.0,32,9.050033
1.0,30,9.054156
1.0,37,9.059258
1.0,34,9.063942
1.0,33,9.068474
0.0,9,9.069712
1.0,33,9.074247
0.0,9,9.075468
1.0,34,9.080137
0.0,15,9.082193
1.0,32,9.086585
1.0,30,9.090715
1.0,33,9.09524
1.0,36,9.100198
0.0,129,9.118046
1.0,31,9.122311
1.0,31,9.126587
0.0,28,9.130443
1.0,36,9.135402
1.0,30,9.139544
1.0,35,9.144344
1.0,39,9.150077
1.0,34,9.154758
1.0,30,9.15889
1.0,39,9.164263
1.0,34,9.168974
1.0,30,9.173118
0.0,27,9.176827
1.0,31,9.1811
1.0,35,9.185906
1.0,31,9.190181
0.0,16,9.192378
0.0,17,9.194704
1.0,34,9.199379
1.0,30,9.203502
1.0,33,9.208041
1.0,31,9.212316
0.0,30,9.216452
0.0,11,9.217964
0.0,23,9.221134
1.0,33,9.22568
1.0,33,9.230235
1.0,34,9.234954
1.0,32,9.239351
1.0,35,9.244159
0.0,25,9.247606
1.0,34,9.252282
0.0,21,9.255169
0.0,30,9.259293
1.0,34,9.263978
1.0,40,9.269488
1.0,32,9.273892
1.0,33,9.278415
1.0,36,9.283394
1.0,38,9.288642
0.0,21,9.29153
1.0,35,9.296326
1.0,31,9.30061
1.0,32,9.305018
1.0,36,9.309948
0.0,24,9.313232
1.0,37,9.318324
0.0,19,9.320932
0.0,16,9.32313
0.0,15,9.325188
1.0,37,9.330267
1.0,35,9.335059
0.0,17,9.337397
1.0,33,9.34194
0.0,24,9.345216
1.0,38,9.350447
0.0,40,9.355964
1.0,38,9.361169
1.0,33,9.36573
0.0,23,9.368876
1.0,34,9.373531
0.0,15,9.375594
1.0,33,9.380124
1.0,35,9.384919
0.0,9,9.386154
1.0,30,9.390269
1.0,33,9.394805
0.0,129,9.412643
1.0,30,9.416776
0.0,11,9.418291
0.0,18,9.420783
0.0,27,9.424503
1.0,39,9.42986
1.0,39,9.435271
1.0,32,9.439694
1.0,32,9.444114
1.0,32,9.448518
1.0,33,9.45306
1.0,32,9.457479
1.0,32,9.461873
1.0,36,9.466822
1.0,30,9.47096
0.0,48,9.477587
1.0,36,9.482523
0.0,24,9.485826
1.0,34,9.490504
1.0,31,9.49478
1.0,43,9.500692
0.0,7,9.501651
1.0,35,9.506467
1.0,32,9.510873
1.0,30,9.51501
1.0,34,9.519691
1.0,31,9.523957
1.0,34,9.528652
1.0,38,9.533898
1.0,32,9.538308
1.0,35,9.543134
1.0,36,9.548108
1.0,35,9.552934
1.0,35,9.557758
0.0,11,9.559275
0.0,18,9.561746
1.0,30,9.565909
1.0,36,9.570872
1.0,38,9.57612
1.0,40,9.581624
0.0,9,9.582858
0.0,19,9.585468
1.0,32,9.589907
0.0,22,9.592937
0.0,19,9.595547
1.0,35,9.600385
1.0,32,9.604782
0.0,14,9.6067
1.0,30,9.610845
1.0,33,9.615388
1.0,35,9.620192
0.0,13,9.622002
1.0,36,9.626961
0.0,19,9.629588
0.0,13,9.631359
1.0,32,9.635777
0.0,26,9.639351
1.0,32,9.643754
1.0,33,9.648303
1.0,34,9.652996
1.0,32,9.657409
1.0,32,9.661817
1.0,31,9.666184
0.0,26,9.669767
1.0,33,9.674305
1.0,30,9.678449
1.0,34,9.683113
1.0,34,9.6878
1.0,34,9.692479
1.0,33,9.697051
0.0,23,9.700244
1.0,30,9.70437
1.0,34,9.709063
1.0,35,9.713914
0.0,24,9.717209
1.0,35,9.722019
0.0,76,9.732584
1.0,37,9.737668
0.0,13,9.739454
1.0,33,9.744001
1.0,30,9.748137
0.0,26,9.751714
1.0,34,9.756377
1.0,32,9.760783
0.0,8,9.761895
1.0,30,9.76603
1.0,35,9.770855
1.0,32,9.775251
1.0,30,9.779429
1.0,31,9.783686
0.0,120,9.800284
0.0,9,9.801523
1.0,39,9.806882
1.0,30,9.811033
1.0,30,9.815162
1.0,32,9.819575
1.0,32,9.823985
1.0,33,9.828561
1.0,32,9.83298
0.0,7,9.83394
1.0,30,9.838076
1.0,38,9.843333
1.0,35,9.848163
0.0,25,9.851619
1.0,32,9.856029
0.0,21,9.858905
1.0,38,9.864125
1.0,35,9.868953
0.0,22,9.87199
1.0,30,9.876109
1.0,35,9.880941
1.0,32,9.885367
0.0,27,9.889094
1.0,35,9.893936
1.0,30,9.898081
1.0,34,9.902762
1.0,32,9.907178
1.0,35,9.911983
1.0,39,9.917326
1.0,38,9.922577
1.0,31,9.926846
1.0,38,9.932094
0.0,14,9.934015
1.0,35,9.938832
1.0,41,9.944466
0.0,29,9.948468
1.0,31,9.952733
1.0,35,9.95758
1.0,33,9.96212
1.0,30,9.966253
1.0,41,9.971894
1.0,35,9.976683
1.0,35,9.981488
1.0,32,9.985888
1.0,34,9.990566
1.0,30,9.994691
0.0,18,9.997162
1.0,33,10.001701
1.0,35,10.006511
0.0,58,10.014522
1.0,37,10.019622
1.0,30,10.023766
1.0,32,10.028178
0.0,9,10.029416
0.0,85,10.041195
1.0,32,10.045594
1.0,31,10.049855
1.0,32,10.054261
0.0,13,10.056033
1.0,30,10.060166
1.0,36,10.065112
1.0,34,10.069766
1.0,32,10.074166
1.0,34,10.078826
1.0,35,10.083638
1.0,31,10.087896
1.0,33,10.092439
0.0,21,10.095342
1.0,32,10.099725
1.0,34,10.104373
1.0,33,10.108902
0.0,31,10.113168
1.0,37,10.118245
1.0,31,10.122512
1.0,39,10.127866
1.0,33,10.132414
1.0,32,10.136801
1.0,32,10.141182
1.0,40,10.14664
0.0,9,10.147873
1.0,31,10.152485
1.0,32,10.15692
0.0,14,10.158833
0.0,17,10.16117
0.0,17,10.163497
1.0,31,10.167759
1.0,30,10.171872
1.0,32,10.176276
1.0,32,10.18066
1.0,34,10.185326
1.0,34,10.189996
1.0,32,10.194396
1.0,40,10.19988
1.0,34,10.204568
0.0,26,10.208102
1.0,38,10.213315
1.0,34,10.217979
0.0,18,10.220442
0.0,26,10.224034
1.0,36,10.228986
1.0,32,10.23338
0.0,26,10.236943
1.0,41,10.24255
1.0,34,10.247221
1.0,34,10.251882
1.0,30,10.256008
0.0,7,10.256964
0.0,15,10.259021
1.0,35,10.263842
1.0,34,10.26852
1.0,37,10.2736
1.0,32,10.277999
1.0,34,10.282652
1.0,30,10.286806
1.0,36,10.291748
0.0,11,10.293254
0.0,7,10.294211
0.0,19,10.296809
1.0,34,10.301479
1.0,34,10.306148
1.0,30,10.310278
0.0,26,10.313854
1.0,37,10.318932
1.0,30,10.323049
1.0,31,10.327312
1.0,31,10.33157
0.0,23,10.334725
1.0,36,10.339623
1.0,33,10.344148
1.0,34,10.348815
1.0,38,10.354045
1.0,36,10.35898
1.0,30,10.363098
1.0,39,10.368425
0.0,17,10.370753
1.0,36,10.375692
0.0,24,10.37897
1.0,34,10.383643
0.0,19,10.386242
1.0,32,10.390647
0.0,27,10.394336
0.0,13,10.396113
1.0,30,10.400225
0.0,12,10.401849
1.0,35,10.406662
1.0,33,10.411188
1.0,34,10.415873
0.0,21,10.41876
0.0,10,10.420128
1.0,34,10.424795
1.0,37,10.429887
1.0,30,10.434013
1.0,32,10.438406
1.0,35,10.443217
1.0,30,10.447333
1.0,34,10.452002
1.0,40,10.457487
1.0,32,10.461889
1.0,38,10.467102
1.0,35,10.471913
1.0,38,10.477134
1.0,34,10.481798
1.0,34,10.486484
1.0,32,10.4909
0.0,7,10.49186
1.0,36,10.496792
1.0,31,10.501036
1.0,39,10.506383
1.0,30,10.51051
1.0,30,10.514631
1.0,36,10.519584
1.0,36,10.524513
0.0,25,10.527927
0.0,19,10.530529
0.0,27,10.534238
0.0,90,10.54665
0.0,7,10.547608
1.0,44,10.553686
1.0,38,10.558899
1.0,30,10.563031
1.0,35,10.567849
1.0,35,10.57267
0.0,13,10.574453
1.0,32,10.578847
1.0,30,10.582982
1.0,35,10.587788
1.0,33,10.592334
1.0,32,10.596733
0.0,11,10.598242
0.0,35,10.603082
0.0,23,10.60625
0.0,9,10.607489
1.0,32,10.611902
1.0,32,10.616332
1.0,33,10.620887
0.0,19,10.623493
1.0,40,10.629007
1.0,32,10.633422
1.0,32,10.637828
1.0,34,10.642508
0.0,17,10.644848
1.0,32,10.649255
1.0,36,10.654208
1.0,33,10.658748
0.0,25,10.662182
1.0,34,10.666867
1.0,30,10.671009
1.0,34,10.675698
1.0,32,10.680112
0.0,25,10.683573
1.0,40,10.689091
0.0,15,10.691158
1.0,37,10.696263
1.0,32,10.700676
1.0,30,10.704803
1.0,33,10.709329
1.0,36,10.71429
1.0,34,10.71898
1.0,32,10.723373
1.0,31,10.727641
1.0,36,10.732608
1.0,41,10.738247
1.0,30,10.74239
1.0,33,10.746925
0.0,9,10.748182
1.0,32,10.752597
1.0,30,10.756731
1.0,31,10.761
1.0,36,10.765963
1.0,35,10.77078
1.0,36,10.775725
1.0,32,10.78013
1.0,34,10.784795
1.0,34,10.789472
0.0,7,10.790431
0.0,9,10.791668
1.0,30,10.795793
1.0,36,10.800764
1.0,30,10.804894
0.0,153,10.826108
1.0,31,10.830395
1.0,34,10.83509
1.0,33,10.839647
1.0,40,10.845148
1.0,33,10.84971
0.0,7,10.850671
1.0,32,10.855083
1.0,35,10.85992
1.0,32,10.864342
1.0,41,10.869983
1.0,31,10.874288
0.0,7,10.875249
1.0,30,10.87939
0.0,21,10.882308
0.0,21,10.885204
0.0,23,10.888369
1.0,36,10.893357
1.0,34,10.898059
1.0,30,10.902197
0.0,8,10.903286
1.0,34,10.907989
1.0,37,10.913113
1.0,39,10.918498
1.0,32,10.92293
0.0,52,10.930163
0.0,9,10.931391
1.0,34,10.936059
1.0,36,10.941024
1.0,40,10.946573
1.0,33,10.951127
1.0,32,10.955547
1.0,37,10.960654
1.0,33,10.965195
0.0,15,10.967258
0.0,23,10.970418
1.0,33,10.97496
1.0,30,10.979123
1.0,37,10.98422
1.0,34,10.988906
0.0,72,10.998912
1.0,30,11.003063
1.0,35,11.007885
1.0,36,11.012869
1.0,36,11.017844
1.0,36,11.022839
1.0,30,11.027
1.0,31,11.031278
1.0,30,11.035416
0.0,19,11.038037
1.0,38,11.043387
1.0,38,11.048654
0.0,9,11.049904
1.0,31,11.054176
1.0,30,11.058312
1.0,34,11.063011
1.0,37,11.068113
0.0,13,11.069902
1.0,37,11.075004
1.0,34,11.079747
0.0,17,11.082089
1.0,37,11.087203
1.0,33,11.091752
1.0,33,11.096296
0.0,69,11.105923
1.0,31,11.110224
1.0,30,11.114355
1.0,30,11.118488
1.0,34,11.123184
1.0,34,11.127857
1.0,35,11.132683
1.0,32,11.13709
1.0,30,11.141229
1.0,32,11.145665
0.0,21,11.148552
1.0,34,11.153242
1.0,30,11.157731
1.0,31,11.16205
0.0,22,11.165069
0.0,7,11.16603
1.0,31,11.170303
0.0,9,11.171544
0.0,21,11.174429
1.0,34,11.179083
0.0,29,11.183077
0.0,24,11.186376
0.0,23,11.189535
1.0,38,11.194767
1.0,30,11.198882
1.0,40,11.204396
1.0,37,11.209508
1.0,34,11.214181
0.0,28,11.218009
1.0,33,11.222542
1.0,36,11.2275
1.0,31,11.231764
1.0,32,11.236163
1.0,34,11.240844
1.0,37,11.245955
1.0,34,11.250643
1.0,37,11.255728
1.0,33,11.260291
1.0,35,11.26511
1.0,32,11.26951
1.0,32,11.273931
1.0,34,11.278615
1.0,36,11.283585
1.0,33,11.288126
1.0,36,11.293093
1.0,31,11.297345
0.0,17,11.299681
1.0,32,11.3041
1.0,36,11.309065
1.0,34,11.313751
1.0,33,11.318284
1.0,30,11.322422
1.0,31,11.326699
1.0,31,11.330969
0.0,29,11.334984
1.0,30,11.33912
1.0,33,11.343694
1.0,34,11.348378
1.0,34,11.353081
0.0,15,11.355148
0.0,21,11.358036
1.0,35,11.362838
1.0,35,11.367649
0.0,23,11.370826
1.0,38,11.376071
1.0,30,11.380209
0.0,17,11.382541
1.0,40,11.388062
0.0,3,11.388482
1.0,31,11.392764
1.0,36,11.397719
1.0,38,11.402947
0.0,19,11.405584
1.0,36,11.410557
1.0,32,11.414967
1.0,34,11.419654
1.0,38,11.424886
1.0,30,11.429017
0.0,16,11.431224
0.0,18,11.433713
0.0,13,11.435507
0.0,15,11.437576
1.0,32,11.441994
1.0,34,11.446652
0.0,26,11.450222
1.0,36,11.455181
0.0,9,11.456415
1.0,30,11.460549
0.0,15,11.462609
1.0,31,11.46686
1.0,30,11.471018
1.0,34,11.475681
0.0,23,11.478844
1.0,36,11.483792
0.0,27,11.487499
0.0,20,11.490248
1.0,34,11.494942
1.0,37,11.500038
1.0,39,11.505394
1.0,33,11.509935
0.0,11,11.511448
1.0,34,11.516123
1.0,34,11.520804
1.0,33,11.525339
1.0,32,11.529749
1.0,30,11.533876
0.0,9,11.535103
1.0,35,11.539934
1.0,34,11.544601
1.0,32,11.548992
1.0,30,11.553111
0.0,16,11.555314
1.0,36,11.56024
0.0,16,11.562438
0.0,22,11.565453
1.0,37,11.570531
1.0,33,11.575037
1.0,32,11.579447
1.0,32,11.583851
0.0,123,11.600879
1.0,39,11.60628
1.0,34,11.610984
1.0,36,11.615924
0.0,19,11.61854
1.0,36,11.623528
0.0,52,11.630743
0.0,25,11.634191
1.0,30,11.63835
1.0,36,11.643285
1.0,32,11.647692
1.0,35,11.652538
0.0,15,11.654605
1.0,31,11.658894
1.0,33,11.663465
1.0,30,11.66761
1.0,30,11.671764
1.0,36,11.67673
1.0,33,11.68128
1.0,32,11.685699
0.0,25,11.689151
1.0,32,11.693575
1.0,36,11.698522
1.0,33,11.703064
1.0,33,11.707612
1.0,34,11.712285
1.0,30,11.716421
1.0,37,11.721534
1.0,37,11.726615
1.0,30,11.730751
1.0,35,11.735588
1.0,35,11.740428
1.0,30,11.744563
1.0,33,11.749095
1.0,32,11.753504
1.0,34,11.758181
1.0,32,11.762603
1.0,33,11.767137
1.0,34,11.771823
1.0,32,11.776226
1.0,34,11.780912
1.0,32,11.785333
1.0,35,11.790186
1.0,39,11.795546
1.0,32,11.799956
1.0,35,11.804783
1.0,34,11.809454
1.0,32,11.813869
1.0,38,11.819097
1.0,33,11.823643
1.0,38,11.828866
1.0,32,11.833258
0.0,21,11.836138
0.0,25,11.839577
0.0,17,11.841914
1.0,36,11.846844
1.0,37,11.851891
1.0,34,11.856562
1.0,33,11.861103
1.0,33,11.865643
1.0,33,11.870228
1.0,35,11.875056
1.0,32,11.87946
1.0,35,11.884278
1.0,31,11.888535
1.0,31,11.892814
1.0,30,11.896953
1.0,31,11.901205
1.0,37,11.906296
1.0,34,11.910973
1.0,34,11.915655
1.0,32,11.920048
0.0,15,11.92211
1.0,30,11.926246
1.0,32,11.930646
1.0,30,11.934802
1.0,39,11.940146
1.0,32,11.944554
1.0,32,11.948967
0.0,54,11.956482
1.0,32,11.960891
1.0,39,11.966251
0.0,25,11.969709
1.0,31,11.973981
1.0,37,11.979095
1.0,30,11.983226
1.0,39,11.988591
0.0,26,11.992159
0.0,8,11.993249
1.0,37,11.998379
1.0,32,12.002787
1.0,33,12.007342
1.0,34,12.012009
0.0,27,12.015694
1.0,46,12.022004
1.0,33,12.026547
0.0,21,12.029436
1.0,30,12.033566
0.0,30,12.037717
0.0,18,12.040181
0.0,10,12.041551
1.0,34,12.04623
1.0,32,12.050609
1.0,32,12.05501
0.0,15,12.057077
1.0,37,12.062165
1.0,35,12.066989
1.0,35,12.071814
1.0,36,12.076769
1.0,33,12.081309
1.0,32,12.08571
0.0,25,12.08913
1.0,35,12.093968
0.0,15,12.096036
1.0,30,12.100168
1.0,32,12.104574
1.0,33,12.109106
1.0,37,12.114208
1.0,33,12.118747
1.0,43,12.124644
1.0,35,12.129455
1.0,34,12.134157
1.0,35,12.138964
1.0,34,12.143628
1.0,30,12.147762
0.0,16,12.149966
1.0,43,12.155887
1.0,33,12.160649
0.0,17,12.163054
0.0,9,12.164286
0.0,9,12.165518
1.0,31,12.169783
1.0,33,12.174309
0.0,17,12.176645
1.0,40,12.182155
1.0,32,12.186551
1.0,31,12.190809
1.0,35,12.195633
1.0,32,12.200035
1.0,34,12.204712
0.0,11,12.206214
1.0,30,12.210317
1.0,34,12.214987
1.0,37,12.220093
0.0,24,12.223381
1.0,32,12.227772
0.0,25,12.231215
1.0,32,12.235599
1.0,39,12.24097
1.0,30,12.245088
1.0,36,12.250017
1.0,39,12.255358
1.0,31,12.259619
1.0,30,12.26376
0.0,9,12.264992
1.0,31,12.269237
1.0,36,12.274176
1.0,32,12.278565
0.0,19,12.281168
1.0,32,12.285564
0.0,19,12.288169
1.0,31,12.292413
1.0,35,12.297219
0.0,22,12.300219
1.0,30,12.304335
0.0,31,12.308584
0.0,21,12.311447
1.0,34,12.31612
1.0,33,12.320635
1.0,34,12.325292
1.0,32,12.32972
1.0,40,12.335248
1.0,34,12.339929
1.0,31,12.344184
1.0,33,12.348731
1.0,32,12.353135
1.0,30,12.357255
0.0,21,12.360153
1.0,34,12.364813
1.0,44,12.370848
0.0,13,12.372629
1.0,31,12.37689
1.0,31,12.381159
1.0,37,12.386234
1.0,36,12.391189
0.0,22,12.394234
0.0,27,12.397941
1.0,35,12.402733
1.0,33,12.407265
1.0,38,12.412471
1.0,42,12.418316
1.0,33,12.422863
1.0,33,12.42741
1.0,33,12.43195
0.0,21,12.434831
1.0,32,12.439206
1.0,32,12.443616
1.0,34,12.448286
0.0,34,12.452965
1.0,35,12.457787
1.0,34,12.462484
0.0,19,12.465117
1.0,31,12.469385
1.0,34,12.474039
1.0,36,12.479014
1.0,31,12.483281
1.0,30,12.487403
1.0,36,12.492372
0.0,25,12.495811
1.0,32,12.500211
0.0,22,12.503225
0.0,22,12.506237
1.0,32,12.510648
1.0,30,12.514765
0.0,30,12.518891
0.0,40,12.524425
1.0,35,12.529284
0.0,9,12.530519
0.0,11,12.532032
0.0,19,12.534634
0.0,17,12.536955
1.0,30,12.541077
1.0,34,12.545763
1.0,33,12.550296
0.0,13,12.552084
1.0,35,12.556897
0.0,115,12.572809
1.0,30,12.576954
1.0,32,12.581382
0.0,31,12.585629
1.0,32,12.590046
0.0,3,12.590489
1.0,39,12.595883
1.0,34,12.600577
1.0,38,12.605832
0.0,7,12.606807
1.0,34,12.611508
1.0,38,12.616759
1.0,30,12.620903
1.0,32,12.625317
1.0,34,12.629997
1.0,35,12.634818
1.0,32,12.639211
1.0,41,12.644862
1.0,33,12.649385
1.0,31,12.653654
1.0,31,12.657949
1.0,32,12.662366
0.0,10,12.663739
0.0,14,12.66564
1.0,30,12.669762
1.0,37,12.674866
0.0,13,12.676651
1.0,34,12.68134
1.0,34,12.686013
1.0,30,12.69014
0.0,131,12.708264
1.0,38,12.713501
1.0,30,12.717629
1.0,34,12.722336
1.0,35,12.727117
1.0,32,12.731521
1.0,34,12.73619
0.0,16,12.738382
1.0,38,12.743602
1.0,32,12.748012
1.0,35,12.752827
1.0,31,12.757083
1.0,34,12.761764
1.0,30,12.765884
1.0,32,12.770292
0.0,13,12.772074
1.0,36,12.777031
1.0,34,12.781714
1.0,32,12.786105
0.0,15,12.788196
1.0,30,12.792335
1.0,34,12.797013
1.0,42,12.802777
1.0,36,12.807718
1.0,32,12.81212
0.0,99,12.825831
0.0,10,12.827207
1.0,34,12.831886
1.0,34,12.836562
1.0,30,12.840702
0.0,13,12.842483
1.0,35,12.84729
1.0,35,12.852107
0.0,11,12.853645
1.0,36,12.8586
1.0,34,12.863274
1.0,30,12.867402
1.0,32,12.871796
1.0,36,12.876741
1.0,32,12.881158
0.0,18,12.883632
0.0,23,12.88679
1.0,38,12.892021
0.0,23,12.895192
1.0,30,12.899315
1.0,34,12.903978
1.0,32,12.908384
1.0,30,12.912518
1.0,36,12.917465
0.0,24,12.9208
0.0,23,12.92396
1.0,36,12.92891
1.0,32,12.933325
1.0,34,12.938007
1.0,32,12.942408
0.0,29,12.94641
1.0,39,12.951776
1.0,33,12.956312
1.0,33,12.960839
1.0,35,12.965654
1.0,32,12.970043
1.0,32,12.974429
0.0,92,12.987181
1.0,32,12.991592
0.0,13,12.993375
1.0,44,12.999442
1.0,31,13.003703
1.0,30,13.007834
1.0,32,13.012245
0.0,23,13.015403
0.0,11,13.016914
1.0,35,13.021744
0.0,18,13.024203
0.0,18,13.026668
1.0,32,13.031079
1.0,34,13.035769
1.0,38,13.040981
1.0,33,13.045519
0.0,10,13.046897
1.0,36,13.051881
1.0,32,13.056267
0.0,25,13.059715
1.0,34,13.06439
1.0,32,13.068804
1.0,36,13.073764
1.0,30,13.077894
0.0,9,13.079125
1.0,33,13.08366
1.0,36,13.088607
0.0,21,13.091494
1.0,32,13.095897
1.0,40,13.101382
1.0,32,13.105763
0.0,45,13.111957
1.0,33,13.116473
0.0,17,13.118802
1.0,32,13.123205
1.0,32,13.127599
1.0,32,13.131982
1.0,36,13.136913
1.0,33,13.141449
0.0,9,13.142679
1.0,34,13.147341
1.0,30,13.151458
1.0,31,13.155712
1.0,38,13.160942
0.0,14,13.1629
0.0,27,13.166907
1.0,31,13.171165
1.0,32,13.175559
1.0,37,13.18063
0.0,21,13.183549
0.0,27,13.187259
1.0,32,13.191662
1.0,32,13.196051
1.0,30,13.200187
1.0,32,13.204618
0.0,10,13.205993
1.0,38,13.211218
1.0,34,13.215908
0.0,37,13.221026
1.0,33,13.225575
1.0,31,13.22984
1.0,33,13.234389
1.0,30,13.238519
1.0,34,13.243209
1.0,37,13.248338
0.0,62,13.256938
1.0,31,13.261207
1.0,35,13.26603
1.0,34,13.270714
1.0,33,13.275262
1.0,32,13.279661
1.0,36,13.284622
1.0,40,13.290145
1.0,33,13.294689
1.0,35,13.299511
0.0,7,13.300471
1.0,36,13.305423
1.0,36,13.310371
1.0,36,13.315351
1.0,34,13.320038
0.0,28,13.323889
1.0,36,13.328829
1.0,36,13.333798
1.0,35,13.338624
1.0,32,13.343027
1.0,33,13.347558
0.0,16,13.349722
0.0,13,13.351504
0.0,21,13.354391
0.0,23,13.357551
1.0,36,13.362523
1.0,34,13.367201
1.0,34,13.371899
1.0,35,13.376701
1.0,31,13.381001
1.0,37,13.386102
1.0,34,13.390785
1.0,35,13.39559
0.0,16,13.397788
1.0,38,13.40302
1.0,35,13.407841
1.0,32,13.412253
1.0,36,13.417221
1.0,35,13.42206
1.0,30,13.426185
0.0,28,13.430036
0.0,13,13.431823
1.0,35,13.43663
1.0,34,13.441321
0.0,19,13.443918
0.0,7,13.444904
1.0,36,13.449872
1.0,32,13.454279
1.0,33,13.458822
1.0,34,13.46352
1.0,30,13.46765
0.0,16,13.469852
1.0,30,13.473983
1.0,30,13.478107
1.0,37,13.483201
0.0,41,13.488859
1.0,36,13.493821
0.0,28,13.497673
1.0,34,13.502346
0.0,19,13.504949
1.0,32,13.509365
1.0,33,13.513915
0.0,26,13.517483
1.0,31,13.521748
1.0,32,13.526156
0.0,19,13.528761
0.0,12,13.530417
1.0,34,13.535101
1.0,37,13.540202
1.0,35,13.545024
0.0,55,13.552623
1.0,34,13.557295
1.0,30,13.561422
1.0,34,13.566105
1.0,32,13.570514
1.0,32,13.574914
1.0,30,13.57907
1.0,34,13.583752
1.0,33,13.588296
1.0,32,13.592707
1.0,36,13.59768
0.0,31,13.601959
1.0,30,13.606089
1.0,38,13.611329
1.0,31,13.615591
1.0,36,13.620555
1.0,34,13.625259
1.0,30,13.629393
1.0,31,13.63366
1.0,38,13.638896
1.0,31,13.643186
1.0,34,13.647867
1.0,35,13.652671
1.0,30,13.656802
0.0,3,13.657219
1.0,32,13.661617
1.0,34,13.666295
1.0,38,13.67149
1.0,33,13.676028
0.0,8,13.677123
1.0,32,13.681539
0.0,177,13.706144
0.0,20,13.708942
0.0,21,13.711829
0.0,270,13.749338
1.0,34,13.754042
1.0,36,13.759029
0.0,17,13.76139
1.0,34,13.766553
1.0,32,13.771134
1.0,35,13.776129
1.0,33,13.780859
1.0,30,13.785608
1.0,34,13.790744
0.0,29,13.796627
1.0,32,13.803727
