#{"t_start": 1717946415.470103, "env_id": "Mordor-v0"}
r,l,t
0.0,28,0.007425
0.0,20,0.012147
0.0,20,0.016698
0.0,12,0.019329
0.0,33,0.026536
0.0,38,0.034531
0.0,5,0.035585
0.0,8,0.037235
0.0,11,0.039485
0.0,35,0.046654
0.0,5,0.047692
1.0,7,0.049119
0.0,18,0.052841
0.0,12,0.055346
0.0,34,0.062385
0.0,52,0.073257
0.0,22,0.077759
0.0,31,0.084072
0.0,15,0.087184
0.0,63,0.100147
1.0,22,0.104595
0.0,23,0.109332
0.0,26,0.114609
0.0,36,0.12209
0.0,72,0.13694
0.0,16,0.140162
0.0,25,0.145297
0.0,34,0.152201
0.0,4,0.153029
0.0,31,0.159401
0.0,44,0.168443
0.0,87,0.186423
0.0,62,0.199562
0.0,87,0.217499
0.0,6,0.21873
0.0,15,0.221831
0.0,13,0.224493
0.0,41,0.232851
0.0,15,0.235928
0.0,15,0.239009
0.0,93,0.258182
0.0,30,0.264394
1.0,71,0.278902
1.0,60,0.291185
0.0,11,0.293452
0.0,18,0.297158
0.0,4,0.297987
1.0,10,0.299947
0.0,10,0.301994
0.0,65,0.315384
0.0,58,0.327215
0.0,46,0.336681
0.0,91,0.355377
0.0,33,0.362136
1.0,28,0.367868
0.0,59,0.380035
0.0,33,0.386863
0.0,17,0.39036
0.0,17,0.393862
0.0,3,0.394484
0.0,127,0.420701
0.0,137,0.448983
0.0,78,0.46497
0.0,52,0.475672
0.0,44,0.484755
0.0,13,0.487443
0.0,5,0.488455
0.0,109,0.511009
0.0,7,0.512458
1.0,69,0.526543
0.0,41,0.535027
0.0,5,0.536066
0.0,366,0.611977
0.0,38,0.619846
0.0,6,0.62109
0.0,8,0.622741
0.0,99,0.643175
0.0,12,0.645667
1.0,151,0.677076
0.0,39,0.6851
0.0,3,0.685719
0.0,26,0.691123
0.0,15,0.694241
0.0,58,0.706643
0.0,3,0.707264
0.0,121,0.732438
1.0,74,0.747807
0.0,88,0.765931
0.0,3,0.766556
0.0,43,0.775485
0.0,45,0.784867
0.0,66,0.798542
1.0,117,0.822886
0.0,119,0.847735
1.0,77,0.863713
0.0,50,0.874171
0.0,6,0.8754
0.0,26,0.880776
0.0,87,0.898882
1.0,29,0.904832
0.0,12,0.907297
0.0,70,0.92189
0.0,3,0.922519
0.0,29,0.928533
0.0,253,0.981348
0.0,32,0.988008
0.0,55,0.999469
0.0,77,1.015448
0.0,33,1.022324
0.0,9,1.024192
0.0,14,1.027106
0.0,306,1.090924
0.0,16,1.094264
0.0,51,1.104927
0.0,279,1.163236
0.0,47,1.172953
0.0,9,1.17483
0.0,277,1.2328
0.0,6,1.234059
0.0,3,1.234683
0.0,62,1.247657
0.0,32,1.254331
0.0,53,1.26538
0.0,27,1.270998
0.0,70,1.285541
0.0,16,1.288868
0.0,11,1.291162
0.0,2,1.291579
0.0,10,1.293661
0.0,12,1.296163
0.0,30,1.302367
0.0,19,1.306319
0.0,100,1.327195
0.0,172,1.363018
0.0,71,1.377735
0.0,15,1.380873
0.0,13,1.383581
0.0,96,1.403658
0.0,54,1.414911
0.0,135,1.443125
0.0,35,1.450382
0.0,99,1.470973
0.0,67,1.484915
0.0,269,1.540884
0.0,7,1.542333
0.0,45,1.551696
0.0,16,1.555016
0.0,123,1.580702
0.0,12,1.583202
0.0,175,1.619701
0.0,96,1.639724
0.0,27,1.645335
0.0,82,1.66242
1.0,68,1.676535
0.0,22,1.681068
0.0,10,1.683134
0.0,16,1.68647
0.0,5,1.687507
0.0,14,1.690399
0.0,39,1.698513
0.0,16,1.702052
0.0,54,1.713451
0.0,140,1.742576
0.0,59,1.754857
0.0,10,1.756944
0.0,53,1.767887
0.0,44,1.777049
0.0,4,1.777877
0.0,12,1.780373
0.0,19,1.78432
1.0,94,1.80382
0.0,49,1.814034
0.0,29,1.82007
0.0,54,1.831272
1.0,130,1.858404
0.0,21,1.862762
0.0,24,1.867758
0.0,66,1.881466
0.0,37,1.889199
0.0,30,1.895432
0.0,22,1.899993
0.0,96,1.920054
0.0,83,1.937394
0.0,65,1.950972
0.0,15,1.954087
0.0,15,1.957217
0.0,14,1.960132
0.0,39,1.968233
0.0,15,1.971374
0.0,23,1.976169
0.0,24,1.98118
0.0,13,1.983891
0.0,17,1.987419
0.0,31,1.993868
0.0,15,1.996956
0.0,30,2.003198
1.0,14,2.006
0.0,13,2.008605
1.0,17,2.01201
0.0,136,2.040305
0.0,2,2.040727
0.0,20,2.044895
0.0,80,2.06158
0.0,6,2.062824
0.0,11,2.065117
0.0,68,2.079091
0.0,3,2.087956
0.0,21,2.092558
0.0,11,2.094976
1.0,181,2.134237
0.0,9,2.136101
1.0,20,2.140243
0.0,9,2.142138
0.0,170,2.177808
0.0,7,2.179259
0.0,5,2.180306
0.0,16,2.183626
0.0,18,2.187378
0.0,67,2.201452
0.0,5,2.202493
0.0,5,2.203538
0.0,7,2.204987
0.0,56,2.216643
0.0,38,2.224569
0.0,16,2.227911
0.0,15,2.231036
0.0,5,2.232082
0.0,4,2.232914
0.0,19,2.236809
0.0,20,2.240978
0.0,8,2.242622
0.0,171,2.278374
0.0,25,2.283578
0.0,8,2.285253
0.0,63,2.298433
0.0,35,2.305752
0.0,16,2.309101
0.0,84,2.326654
0.0,9,2.328533
0.0,88,2.346955
0.0,25,2.352212
1.0,62,2.365115
0.0,81,2.382048
0.0,35,2.389342
0.0,22,2.393924
0.0,59,2.40621
0.0,20,2.410391
0.0,31,2.416746
0.0,39,2.424918
0.0,36,2.432457
0.0,143,2.462305
0.0,80,2.479018
0.0,110,2.502048
0.0,6,2.503309
0.0,55,2.514851
0.0,261,2.569361
0.0,3,2.569988
0.0,15,2.573129
1.0,45,2.582382
0.0,11,2.584661
1.0,69,2.598927
0.0,139,2.628015
0.0,26,2.633452
0.0,24,2.638473
0.0,90,2.657323
0.0,26,2.662733
0.0,12,2.665222
0.0,10,2.667287
0.0,9,2.669161
0.0,99,2.689867
0.0,60,2.702442
0.0,12,2.705277
0.0,13,2.707961
0.0,63,2.721114
0.0,6,2.722347
0.0,20,2.726491
0.0,4,2.727327
0.0,4,2.728162
0.0,78,2.74446
0.0,29,2.75045
1.0,38,2.758334
1.0,121,2.783403
0.0,58,2.796019
0.0,10,2.79813
0.0,41,2.806633
0.0,49,2.816798
0.0,28,2.822621
1.0,44,2.83172
0.0,44,2.840899
0.0,7,2.842368
0.0,69,2.856809
0.0,37,2.864555
0.0,20,2.868744
0.0,3,2.869368
0.0,244,2.920452
0.0,12,2.922973
1.0,17,2.926375
0.0,77,2.942475
0.0,70,2.95713
0.0,16,2.96033
0.0,31,2.966819
0.0,30,2.973068
1.0,34,2.980149
1.0,103,3.001699
0.0,22,3.006306
0.0,27,3.011912
0.0,59,3.024306
0.0,97,3.044576
0.0,126,3.070953
1.0,11,3.073169
0.0,97,3.093494
0.0,13,3.096223
0.0,76,3.112159
0.0,33,3.119069
0.0,28,3.124897
0.0,4,3.125732
0.0,113,3.149383
0.0,136,3.177851
0.0,4,3.17869
0.0,6,3.179936
0.0,63,3.193053
0.0,4,3.193892
0.0,37,3.201618
0.0,4,3.202451
0.0,11,3.204733
0.0,8,3.206398
0.0,11,3.208689
0.0,55,3.220207
0.0,7,3.221669
0.0,19,3.225595
0.0,5,3.226624
0.0,9,3.228486
1.0,8,3.23011
0.0,5,3.231139
1.0,49,3.241156
1.0,48,3.250887
0.0,18,3.254565
0.0,5,3.255601
0.0,12,3.258055
0.0,3,3.258681
0.0,24,3.26367
0.0,16,3.266935
1.0,37,3.274604
0.0,41,3.283168
1.0,59,3.295463
0.0,4,3.296282
1.0,37,3.30378
0.0,6,3.305025
0.0,6,3.306257
0.0,25,3.311461
0.0,8,3.313121
0.0,34,3.320161
0.0,20,3.324345
0.0,91,3.343355
0.0,109,3.366204
0.0,17,3.369753
0.0,27,3.37541
0.0,9,3.377281
0.0,8,3.378952
0.0,34,3.38606
0.0,133,3.413843
0.0,88,3.432305
0.0,169,3.467698
0.0,139,3.49668
0.0,252,3.549499
0.0,82,3.566489
1.0,24,3.571331
0.0,11,3.573631
0.0,30,3.579909
0.0,5,3.580927
0.0,42,3.589701
0.0,33,3.596611
0.0,2,3.597031
0.0,26,3.602432
0.0,55,3.613986
0.0,26,3.619389
0.0,17,3.622938
0.0,240,3.673201
1.0,72,3.688165
0.0,37,3.695823
1.0,411,3.782383
0.0,11,3.78466
0.0,29,3.790623
0.0,10,3.792679
0.0,25,3.797849
0.0,18,3.801508
0.0,7,3.802968
0.0,9,3.804811
0.0,5,3.805847
0.0,62,3.818858
0.0,8,3.820519
0.0,3,3.821137
0.0,98,3.841659
0.0,28,3.847529
0.0,70,3.862072
0.0,74,3.877618
1.0,13,3.880301
0.0,25,3.885554
0.0,51,3.896245
0.0,9,3.898064
0.0,19,3.902032
0.0,8,3.90371
0.0,4,3.904543
0.0,47,3.914356
0.0,32,3.921068
0.0,10,3.923161
0.0,32,3.929853
0.0,17,3.933414
0.0,2,3.933833
0.0,57,3.945804
0.0,71,3.960548
0.0,71,3.975409
1.0,27,3.980853
0.0,35,3.988173
0.0,35,3.995489
1.0,264,4.050685
1.0,41,4.059172
1.0,14,4.062061
0.0,4,4.062898
0.0,5,4.063924
0.0,28,4.069657
0.0,49,4.079854
0.0,7,4.081313
0.0,5,4.082351
0.0,6,4.08359
0.0,7,4.085036
0.0,7,4.086466
0.0,4,4.087304
0.0,5,4.08832
0.0,37,4.095947
0.0,5,4.096981
1.0,17,4.100449
0.0,10,4.102484
1.0,29,4.108468
1.0,13,4.111135
0.0,3,4.111761
0.0,42,4.120522
0.0,72,4.135503
1.0,7,4.136946
0.0,7,4.138398
0.0,124,4.164385
0.0,9,4.166246
0.0,3,4.166873
0.0,81,4.184193
0.0,18,4.187918
0.0,10,4.189982
0.0,7,4.191415
0.0,8,4.193053
0.0,15,4.196196
0.0,20,4.200363
0.0,4,4.201204
1.0,37,4.208906
0.0,19,4.212885
0.0,11,4.215185
0.0,17,4.218666
0.0,3,4.219281
0.0,69,4.233789
0.0,74,4.249305
1.0,18,4.253019
0.0,13,4.255717
0.0,7,4.257173
0.0,6,4.258407
0.0,3,4.259027
1.0,158,4.292062
0.0,117,4.316512
0.0,110,4.339507
0.0,11,4.341812
0.0,70,4.356425
0.0,13,4.359146
0.0,15,4.362285
0.0,3,4.362911
0.0,60,4.375507
0.0,36,4.383031
0.0,76,4.398979
0.0,19,4.402956
0.0,36,4.410482
0.0,45,4.419875
0.0,24,4.424883
1.0,56,4.436501
0.0,3,4.437291
0.0,25,4.442497
0.0,3,4.44312
0.0,32,4.449835
0.0,45,4.459272
0.0,57,4.471208
0.0,6,4.472477
0.0,49,4.482753
0.0,46,4.492347
0.0,56,4.504062
0.0,54,4.515298
1.0,46,4.524758
0.0,20,4.528919
0.0,45,4.538312
0.0,4,4.539146
0.0,113,4.562827
0.0,5,4.563851
0.0,41,4.572374
0.0,38,4.580282
0.0,2,4.580684
0.0,129,4.607272
0.0,24,4.612283
0.0,8,4.613921
0.0,5,4.614949
0.0,3,4.615564
0.0,14,4.618471
0.0,6,4.619717
0.0,13,4.622419
0.0,12,4.624919
0.0,6,4.626173
0.0,61,4.638964
0.0,30,4.645214
0.0,8,4.646889
0.0,9,4.648771
1.0,15,4.651893
0.0,94,4.671459
0.0,11,4.673753
1.0,43,4.682662
0.0,63,4.695513
0.0,56,4.706969
0.0,31,4.713746
0.0,128,4.740538
1.0,56,4.752146
0.0,3,4.752769
1.0,48,4.762721
0.0,28,4.76857
0.0,13,4.771286
0.0,72,4.786247
0.0,26,4.791691
0.0,6,4.792932
0.0,4,4.793765
0.0,12,4.796271
0.0,15,4.799426
0.0,23,4.804224
0.0,52,4.815062
0.0,34,4.822143
0.0,44,4.831321
0.0,20,4.835503
0.0,7,4.836954
0.0,6,4.838186
0.0,86,4.856052
0.0,8,4.8577
0.0,6,4.858948
0.0,5,4.859988
0.0,23,4.86476
0.0,7,4.866223
0.0,7,4.867683
1.0,36,4.874998
0.0,12,4.877503
0.0,26,4.882895
0.0,14,4.885816
0.0,19,4.889782
1.0,53,4.900555
1.0,20,4.904681
0.0,19,4.908635
0.0,66,4.922442
0.0,5,4.923479
0.0,63,4.936643
0.0,32,4.943291
1.0,62,4.955934
0.0,16,4.959259
0.0,28,4.965134
0.0,39,4.973091
0.0,84,4.99056
0.0,29,4.996634
1.0,21,5.000973
0.0,27,5.006576
0.0,40,5.0149
0.0,11,5.017188
0.0,32,5.023882
0.0,28,5.029716
0.0,7,5.031166
0.0,40,5.039518
0.0,44,5.048709
1.0,56,5.06005
0.0,12,5.062525
0.0,59,5.074869
0.0,19,5.078749
0.0,10,5.080814
0.0,63,5.094005
1.0,20,5.098142
0.0,63,5.111289
0.0,6,5.112537
0.0,17,5.116035
0.0,10,5.118094
0.0,6,5.119346
0.0,9,5.121222
0.0,6,5.122478
0.0,72,5.137551
0.0,30,5.143842
0.0,47,5.153668
0.0,7,5.155132
0.0,80,5.17188
0.0,25,5.177079
1.0,17,5.180583
0.0,7,5.18204
0.0,46,5.191649
0.0,7,5.193106
0.0,20,5.197247
0.0,4,5.198075
0.0,9,5.199936
0.0,10,5.202015
0.0,88,5.220397
0.0,7,5.221857
0.0,12,5.224365
0.0,17,5.22786
0.0,32,5.23452
1.0,29,5.240487
0.0,103,5.261974
0.0,73,5.27721
0.0,10,5.279294
0.0,10,5.281374
1.0,27,5.28694
0.0,7,5.288398
0.0,41,5.296981
0.0,140,5.326307
0.0,12,5.32881
0.0,72,5.343885
0.0,18,5.347644
0.0,31,5.354019
0.0,44,5.363184
0.0,14,5.366087
1.0,16,5.369405
0.0,13,5.372109
0.0,18,5.375864
0.0,17,5.379425
0.0,15,5.38252
1.0,133,5.4102
0.0,18,5.413934
0.0,6,5.415186
0.0,9,5.417054
0.0,13,5.419778
0.0,5,5.42082
0.0,29,5.426871
0.0,37,5.43461
0.0,48,5.444637
0.0,31,5.451095
1.0,47,5.460823
0.0,30,5.467073
1.0,22,5.471573
0.0,7,5.473025
0.0,21,5.47741
0.0,5,5.478443
0.0,31,5.48478
0.0,5,5.485811
0.0,14,5.488743
1.0,21,5.493094
0.0,5,5.494137
0.0,18,5.497899
0.0,7,5.499347
0.0,15,5.502487
0.0,17,5.50602
0.0,20,5.510201
0.0,26,5.515586
0.0,70,5.530207
0.0,107,5.552564
0.0,20,5.556723
0.0,36,5.564208
0.0,30,5.570434
0.0,22,5.575027
0.0,24,5.579992
1.0,141,5.609482
0.0,16,5.612803
0.0,90,5.631615
0.0,43,5.640583
0.0,76,5.656485
0.0,26,5.661919
0.0,30,5.668188
0.0,20,5.672358
0.0,10,5.674436
0.0,44,5.683587
0.0,60,5.696054
0.0,48,5.706065
0.0,3,5.706686
0.0,12,5.709166
0.0,12,5.711664
0.0,51,5.722591
0.0,4,5.723421
0.0,38,5.731353
0.0,120,5.756461
0.0,8,5.758122
0.0,21,5.762472
0.0,21,5.76684
0.0,6,5.76809
0.0,21,5.772468
0.0,4,5.7733
0.0,63,5.786463
0.0,10,5.788545
0.0,21,5.792924
0.0,72,5.807969
0.0,25,5.813027
0.0,42,5.821794
0.0,79,5.838337
0.0,15,5.841464
0.0,49,5.851707
0.0,156,5.884359
0.0,26,5.889732
0.0,174,5.926013
0.0,13,5.928712
0.0,78,5.94488
0.0,18,5.948631
0.0,5,5.949671
0.0,140,5.978998
0.0,25,5.984233
0.0,3,5.984856
0.0,134,6.01283
0.0,4,6.013657
0.0,6,6.014907
0.0,90,6.033729
1.0,19,6.037632
0.0,32,6.044307
0.0,54,6.055445
1.0,12,6.057833
0.0,17,6.06133
1.0,43,6.070194
1.0,15,6.073238
0.0,18,6.076842
1.0,14,6.079646
1.0,11,6.081836
0.0,25,6.086819
0.0,11,6.089013
0.0,8,6.09061
0.0,27,6.096204
1.0,9,6.098008
0.0,11,6.100214
0.0,23,6.104808
0.0,5,6.105827
1.0,8,6.107437
0.0,4,6.108249
0.0,4,6.109065
0.0,5,6.110078
0.0,2,6.110493
0.0,12,6.112924
0.0,24,6.11779
0.0,98,6.138166
0.0,12,6.140623
0.0,42,6.149308
0.0,55,6.160762
1.0,37,6.168397
1.0,9,6.170212
0.0,34,6.17724
0.0,2,6.177655
0.0,5,6.178681
0.0,17,6.182156
0.0,6,6.183372
0.0,7,6.184807
0.0,24,6.189794
0.0,15,6.192892
0.0,7,6.194314
0.0,40,6.202671
1.0,32,6.209247
0.0,7,6.210711
0.0,21,6.215097
0.0,24,6.220061
0.0,50,6.230437
0.0,17,6.233991
0.0,87,6.252023
1.0,56,6.26374
0.0,87,6.281914
0.0,9,6.283774
0.0,45,6.293088
1.0,122,6.318629
1.0,77,6.334688
1.0,6,6.335901
1.0,17,6.339293
0.0,5,6.340329
0.0,11,6.342512
0.0,9,6.344313
0.0,6,6.345539
1.0,28,6.351245
0.0,5,6.352273
0.0,26,6.357678
1.0,13,6.360275
0.0,11,6.362534
0.0,2,6.362954
1.0,53,6.374028
1.0,67,6.387986
1.0,42,6.396635
1.0,5,6.397645
0.0,6,6.39888
0.0,13,6.401489
0.0,2,6.401896
1.0,27,6.407263
1.0,19,6.411052
0.0,6,6.412266
1.0,17,6.41565
0.0,2,6.416069
0.0,24,6.420952
0.0,18,6.424592
0.0,4,6.42541
0.0,127,6.451592
0.0,5,6.452622
0.0,21,6.457002
0.0,26,6.462419
0.0,21,6.466802
0.0,51,6.477265
0.0,3,6.47788
0.0,6,6.479092
0.0,180,6.51654
0.0,17,6.520068
0.0,149,6.551313
1.0,36,6.558805
0.0,19,6.562757
0.0,24,6.567759
0.0,14,6.570671
1.0,9,6.572462
0.0,7,6.573923
0.0,7,6.575339
1.0,35,6.5825
0.0,3,6.583119
0.0,29,6.589005
0.0,2,6.589416
0.0,32,6.596026
0.0,2,6.596443
1.0,153,6.628271
0.0,8,6.629908
1.0,80,6.646599
0.0,103,6.667988
0.0,28,6.673829
0.0,5,6.674854
0.0,13,6.677472
0.0,11,6.679727
1.0,25,6.684849
0.0,74,6.700196
0.0,5,6.701236
0.0,7,6.702677
0.0,152,6.73474
0.0,83,6.752117
1.0,83,6.76939
0.0,4,6.770249
0.0,20,6.774422
1.0,5,6.77545
0.0,6,6.776657
0.0,8,6.778269
1.0,8,6.779887
0.0,4,6.780702
0.0,17,6.784103
0.0,9,6.785903
0.0,3,6.786522
0.0,8,6.788172
0.0,2,6.788592
0.0,29,6.794577
0.0,43,6.803488
0.0,18,6.80712
0.0,42,6.81585
0.0,9,6.81773
0.0,135,6.845809
0.0,40,6.85413
0.0,36,6.861665
0.0,162,6.895396
0.0,108,6.917914
0.0,29,6.923975
0.0,8,6.925631
0.0,32,6.9323
0.0,49,6.942443
1.0,58,6.954518
0.0,7,6.955979
0.0,7,6.957437
0.0,16,6.960767
0.0,2,6.961184
0.0,36,6.968651
0.0,21,6.973032
0.0,139,7.002012
0.0,25,7.007224
0.0,22,7.011819
0.0,66,7.025589
0.0,18,7.029343
0.0,2,7.029763
0.0,16,7.033127
0.0,113,7.056745
0.0,5,7.057785
0.0,37,7.065512
0.0,143,7.095403
0.0,27,7.101074
0.0,132,7.12873
0.0,17,7.13225
0.0,129,7.158946
0.0,59,7.171299
0.0,3,7.171914
0.0,35,7.179242
0.0,34,7.186316
0.0,60,7.198871
0.0,22,7.203446
0.0,17,7.206987
0.0,9,7.20887
0.0,6,7.210119
1.0,41,7.218662
0.0,9,7.220514
0.0,4,7.221333
0.0,15,7.224457
0.0,94,7.244047
0.0,4,7.244887
0.0,17,7.248424
0.0,8,7.25008
0.0,10,7.252139
1.0,40,7.260439
0.0,6,7.261669
0.0,6,7.262905
0.0,9,7.26476
0.0,4,7.265591
1.0,74,7.280793
0.0,4,7.281613
0.0,7,7.283074
0.0,34,7.290164
0.0,14,7.293078
0.0,15,7.29619
0.0,40,7.30451
0.0,21,7.308874
0.0,41,7.317324
0.0,10,7.319413
1.0,20,7.32352
0.0,22,7.328107
0.0,22,7.332633
0.0,36,7.340125
0.0,17,7.343662
0.0,23,7.348411
0.0,15,7.351525
0.0,15,7.354642
0.0,9,7.356482
0.0,29,7.362508
0.0,3,7.363135
0.0,19,7.367108
0.0,59,7.379444
0.0,10,7.381517
1.0,55,7.39279
0.0,126,7.419128
0.0,17,7.422669
0.0,11,7.424955
0.0,15,7.428035
0.0,4,7.428878
0.0,16,7.432206
0.0,12,7.434711
0.0,18,7.438434
0.0,89,7.457044
0.0,36,7.464609
0.0,18,7.468305
0.0,10,7.470394
0.0,27,7.476047
0.0,8,7.477716
0.0,20,7.481812
0.0,20,7.486007
0.0,15,7.489142
0.0,4,7.489977
0.0,15,7.493102
0.0,19,7.497073
0.0,19,7.500994
0.0,4,7.50182
1.0,24,7.506756
0.0,4,7.507591
0.0,22,7.512169
0.0,8,7.513828
0.0,26,7.519284
0.0,7,7.52075
0.0,13,7.523456
0.0,7,7.524921
1.0,28,7.530648
0.0,10,7.532726
0.0,22,7.5373
0.0,17,7.54086
0.0,28,7.546725
0.0,20,7.550906
0.0,25,7.556138
0.0,15,7.55924
0.0,8,7.560892
0.0,17,7.564449
0.0,16,7.567787
0.0,13,7.570417
1.0,19,7.574243
1.0,24,7.579068
0.0,4,7.579913
1.0,16,7.583122
1.0,20,7.58717
0.0,8,7.588798
0.0,25,7.593856
1.0,19,7.597672
0.0,11,7.599877
1.0,8,7.601485
0.0,7,7.602909
0.0,15,7.605955
0.0,6,7.607185
0.0,23,7.611992
0.0,16,7.615313
0.0,7,7.616754
0.0,13,7.619403
1.0,13,7.62206
1.0,27,7.627505
0.0,56,7.639161
0.0,7,7.640615
0.0,24,7.645622
0.0,17,7.649147
0.0,17,7.652675
0.0,22,7.65717
0.0,53,7.668214
0.0,21,7.672482
0.0,13,7.675182
0.0,9,7.677024
0.0,38,7.684853
0.0,6,7.68607
0.0,49,7.696252
0.0,18,7.699936
1.0,38,7.707738
0.0,10,7.70983
0.0,30,7.716118
1.0,29,7.722029
0.0,4,7.722864
0.0,19,7.726848
0.0,6,7.728223
0.0,7,7.72983
0.0,16,7.733106
0.0,3,7.733723
0.0,40,7.742059
1.0,36,7.74948
0.0,7,7.750934
0.0,4,7.751766
0.0,161,7.78549
0.0,208,7.828797
0.0,45,7.838198
0.0,16,7.841553
0.0,41,7.850093
0.0,105,7.872086
0.0,13,7.874761
0.0,3,7.875388
0.0,56,7.887114
1.0,27,7.892616
0.0,11,7.894851
0.0,7,7.896293
1.0,13,7.898959
0.0,22,7.903454
0.0,19,7.907364
0.0,10,7.909416
0.0,48,7.919341
0.0,13,7.922019
1.0,20,7.92607
1.0,11,7.928292
0.0,7,7.929722
0.0,19,7.933587
0.0,25,7.938709
1.0,148,7.969599
0.0,23,7.97436
0.0,59,7.98668
0.0,142,8.016441
0.0,22,8.021033
0.0,61,8.033745
0.0,91,8.052822
0.0,50,8.063238
0.0,17,8.066797
0.0,321,8.133941
0.0,21,8.138303
0.0,19,8.142199
0.0,19,8.146161
0.0,13,8.148819
0.0,17,8.152394
0.0,19,8.156354
0.0,11,8.15865
0.0,9,8.160463
0.0,159,8.193792
1.0,35,8.201016
0.0,4,8.201853
0.0,15,8.20494
0.0,36,8.21247
0.0,19,8.216407
0.0,42,8.225239
1.0,12,8.227696
1.0,27,8.233224
0.0,16,8.236588
1.0,6,8.237827
0.0,7,8.239264
1.0,24,8.244215
1.0,14,8.247071
0.0,69,8.261257
0.0,3,8.261885
0.0,21,8.26623
0.0,22,8.270791
0.0,35,8.278123
0.0,125,8.304084
0.0,8,8.305714
0.0,3,8.306337
0.0,3,8.306963
0.0,26,8.31239
0.0,174,8.348978
0.0,64,8.362391
0.0,22,8.366964
0.0,87,8.385239
0.0,51,8.395731
0.0,11,8.398017
0.0,8,8.399711
0.0,11,8.402003
0.0,4,8.402836
0.0,3,8.40346
1.0,19,8.407337
0.0,4,8.408171
0.0,10,8.410249
0.0,6,8.411502
1.0,123,8.437036
0.0,19,8.441005
0.0,7,8.442469
1.0,19,8.446409
0.0,28,8.452301
1.0,24,8.457263
0.0,3,8.457889
0.0,7,8.459343
0.0,13,8.462027
1.0,27,8.467664
0.0,100,8.488676
0.0,14,8.491604
0.0,82,8.508809
0.0,31,8.51528
0.0,55,8.526778
0.0,41,8.535279
0.0,54,8.546586
0.0,35,8.553846
1.0,34,8.560932
0.0,125,8.58716
0.0,12,8.589675
0.0,22,8.594276
0.0,175,8.630941
0.0,89,8.649613
1.0,46,8.659246
0.0,3,8.659865
0.0,156,8.692568
0.0,10,8.694667
0.0,34,8.701766
0.0,15,8.704911
0.0,60,8.717519
0.0,10,8.719594
1.0,61,8.732495
1.0,20,8.736855
0.0,4,8.737678
0.0,34,8.744807
1.0,24,8.749778
0.0,19,8.753737
0.0,11,8.756041
0.0,16,8.759393
0.0,12,8.761895
0.0,22,8.766509
0.0,20,8.770654
0.0,17,8.774182
0.0,4,8.775002
0.0,18,8.778726
0.0,9,8.780606
0.0,206,8.82353
1.0,26,8.828952
0.0,53,8.840048
0.0,5,8.841095
1.0,31,8.847559
0.0,7,8.849016
0.0,66,8.862801
0.0,18,8.86657
0.0,21,8.870939
0.0,61,8.883745
0.0,15,8.886894
0.0,8,8.888573
0.0,54,8.899847
0.0,24,8.904873
0.0,263,8.960131
0.0,14,8.963002
0.0,52,8.973855
0.0,4,8.974696
0.0,14,8.977575
1.0,35,8.984859
0.0,3,8.985473
0.0,5,8.986519
0.0,34,8.993635
0.0,47,9.003508
0.0,56,9.015275
0.0,22,9.019874
0.0,77,9.035988
0.0,40,9.044342
1.0,48,9.054259
0.0,11,9.056572
0.0,184,9.095178
0.0,94,9.114909
0.0,26,9.12035
0.0,32,9.127068
0.0,26,9.132519
0.0,106,9.154755
0.0,25,9.159997
0.0,171,9.195838
0.0,32,9.20256
0.0,116,9.226916
0.0,7,9.228388
0.0,42,9.237229
0.0,319,9.304186
0.0,3,9.304816
0.0,3,9.305446
0.0,112,9.328931
0.0,3,9.329561
0.0,6,9.330821
0.0,28,9.33658
0.0,68,9.350763
0.0,5,9.351798
0.0,3,9.352426
1.0,18,9.356057
0.0,7,9.357488
0.0,130,9.384753
0.0,9,9.386637
0.0,10,9.388659
0.0,131,9.416134
0.0,49,9.426294
0.0,17,9.429779
0.0,3,9.430406
1.0,30,9.436575
1.0,25,9.44167
0.0,55,9.453111
0.0,7,9.454534
0.0,4,9.455367
0.0,3,9.455985
0.0,9,9.457836
0.0,28,9.463699
0.0,3,9.464331
0.0,27,9.46999
0.0,20,9.474142
0.0,130,9.501383
0.0,39,9.509531
0.0,25,9.514761
0.0,65,9.528371
0.0,54,9.539653
0.0,16,9.543019
0.0,32,9.549727
1.0,22,9.554238
0.0,43,9.563251
1.0,85,9.581038
1.0,28,9.58675
0.0,20,9.590908
0.0,29,9.596943
0.0,15,9.600101
0.0,5,9.60113
0.0,55,9.612646
0.0,28,9.618345
0.0,5,9.619383
1.0,118,9.643855
0.0,46,9.653213
0.0,14,9.656121
0.0,32,9.662807
0.0,12,9.665351
0.0,27,9.670999
0.0,87,9.689257
0.0,12,9.691772
0.0,29,9.697853
0.0,13,9.700561
0.0,33,9.707465
0.0,54,9.718742
0.0,9,9.720625
0.0,105,9.742888
0.0,9,9.744774
0.0,98,9.765295
0.0,17,9.768872
0.0,12,9.771374
0.0,80,9.78813
1.0,79,9.804537
0.0,8,9.806217
0.0,73,9.821524
0.0,10,9.823615
0.0,31,9.830096
1.0,99,9.850795
0.0,41,9.859324
0.0,19,9.863304
0.0,44,9.87253
1.0,110,9.894916
0.0,30,9.901184
0.0,19,9.905158
1.0,22,9.909713
0.0,23,9.914545
0.0,67,9.928572
0.0,16,9.931916
0.0,43,9.940926
0.0,17,9.944446
0.0,23,9.949172
0.0,172,9.985245
0.0,47,9.995116
0.0,35,10.00226
0.0,16,10.0056
0.0,62,10.018456
1.0,20,10.022594
0.0,12,10.025111
1.0,44,10.034133
0.0,12,10.036652
0.0,43,10.045572
0.0,42,10.054121
0.0,20,10.058248
0.0,79,10.074877
0.0,43,10.083881
0.0,33,10.090649
0.0,25,10.095846
0.0,16,10.099175
0.0,23,10.103931
0.0,169,10.139436
0.0,15,10.14256
0.0,29,10.148609
0.0,45,10.158034
0.0,12,10.160548
0.0,46,10.170149
0.0,15,10.173292
0.0,52,10.18417
1.0,50,10.194676
0.0,108,10.21735
1.0,27,10.22287
0.0,3,10.223485
0.0,10,10.225596
0.0,30,10.231836
0.0,20,10.235982
0.0,23,10.240746
0.0,16,10.24405
1.0,19,10.247963
1.0,53,10.258944
0.0,12,10.261452
1.0,19,10.265385
0.0,49,10.275621
0.0,17,10.279171
1.0,22,10.283684
0.0,4,10.284523
0.0,17,10.288065
0.0,16,10.29137
1.0,36,10.298757
0.0,4,10.299592
0.0,27,10.305158
0.0,6,10.3064
0.0,3,10.30702
0.0,17,10.310571
0.0,24,10.315547
0.0,34,10.322607
1.0,103,10.343673
0.0,21,10.348004
0.0,12,10.350502
0.0,23,10.355185
0.0,17,10.35873
1.0,33,10.365481
1.0,38,10.373301
0.0,48,10.383282
0.0,25,10.388462
1.0,50,10.398907
0.0,26,10.404213
0.0,22,10.408762
1.0,27,10.414307
0.0,29,10.420234
0.0,24,10.425457
0.0,13,10.428187
0.0,19,10.432158
0.0,24,10.437119
1.0,22,10.44165
0.0,23,10.446339
0.0,6,10.447594
1.0,26,10.452934
0.0,106,10.475179
0.0,16,10.478549
1.0,25,10.483737
0.0,171,10.519724
0.0,9,10.521626
0.0,36,10.528998
0.0,26,10.534368
0.0,30,10.540583
1.0,60,10.552813
0.0,17,10.556339
0.0,21,10.560714
1.0,22,10.565207
0.0,19,10.569131
1.0,23,10.573786
0.0,13,10.576524
0.0,26,10.581852
1.0,23,10.586642
0.0,215,10.631603
0.0,16,10.634952
0.0,24,10.639863
0.0,72,10.654881
0.0,40,10.663003
0.0,35,10.670167
0.0,12,10.672683
0.0,29,10.67854
0.0,14,10.681442
0.0,51,10.692095
0.0,17,10.695618
0.0,20,10.699795
0.0,17,10.703351
0.0,27,10.708906
0.0,53,10.719952
1.0,27,10.725544
0.0,67,10.739487
0.0,8,10.741363
0.0,45,10.750755
0.0,60,10.76305
0.0,169,10.798322
1.0,39,10.806335
0.0,25,10.811533
1.0,65,10.825011
1.0,30,10.831156
0.0,26,10.836542
0.0,35,10.843805
1.0,31,10.850284
1.0,57,10.861877
0.0,33,10.868775
1.0,23,10.873479
0.0,30,10.879656
1.0,67,10.893475
0.0,19,10.89743
0.0,54,10.908713
0.0,27,10.914317
1.0,37,10.921981
0.0,11,10.924292
0.0,31,10.930777
0.0,15,10.933916
0.0,20,10.938089
0.0,51,10.948673
0.0,18,10.952426
0.0,43,10.961357
0.0,53,10.972442
0.0,7,10.973909
0.0,18,10.977666
0.0,25,10.982919
0.0,46,10.992549
0.0,28,10.998409
0.0,5,10.999458
0.0,4,11.000292
0.0,12,11.002809
0.0,140,11.03205
0.0,53,11.043153
0.0,17,11.046715
0.0,20,11.050936
0.0,19,11.054915
0.0,68,11.069181
0.0,20,11.073369
1.0,133,11.101177
0.0,35,11.108513
0.0,50,11.118915
0.0,63,11.132127
0.0,44,11.14135
0.0,52,11.152156
0.0,40,11.160505
0.0,83,11.177885
0.0,29,11.183948
0.0,6,11.185197
0.0,26,11.190638
0.0,31,11.197103
0.0,10,11.199198
0.0,100,11.219889
0.0,34,11.227007
1.0,41,11.235518
0.0,4,11.236357
0.0,16,11.239695
0.0,3,11.240324
0.0,8,11.241997
0.0,199,11.283493
0.0,15,11.286572
0.0,48,11.29664
0.0,9,11.298515
0.0,10,11.300601
0.0,73,11.315962
0.0,9,11.317846
1.0,46,11.327365
0.0,49,11.337562
0.0,3,11.338188
0.0,58,11.350274
0.0,8,11.351952
0.0,43,11.360961
0.0,27,11.366596
0.0,27,11.372241
1.0,29,11.378293
1.0,9,11.38011
0.0,17,11.383664
0.0,3,11.384293
0.0,11,11.386517
0.0,5,11.387547
0.0,48,11.397424
1.0,10,11.399443
0.0,29,11.405424
0.0,12,11.407935
0.0,11,11.410214
0.0,5,11.411241
0.0,3,11.411858
0.0,11,11.414082
0.0,34,11.420999
0.0,10,11.42306
0.0,45,11.432332
0.0,13,11.434946
1.0,15,11.438014
1.0,131,11.465338
0.0,5,11.466388
0.0,126,11.492674
1.0,178,11.529871
0.0,9,11.53173
0.0,165,11.566219
0.0,69,11.580486
0.0,51,11.591204
1.0,172,11.627161
0.0,7,11.628621
0.0,20,11.632799
0.0,41,11.641427
0.0,24,11.646434
0.0,4,11.647274
0.0,147,11.678017
0.0,20,11.68216
0.0,77,11.698328
1.0,82,11.715409
0.0,13,11.718132
0.0,44,11.727339
0.0,3,11.727966
0.0,21,11.732304
0.0,21,11.736715
0.0,11,11.738982
0.0,6,11.740203
0.0,107,11.762792
1.0,11,11.764992
0.0,12,11.767508
0.0,37,11.775264
0.0,3,11.775873
1.0,23,11.780671
0.0,34,11.787769
0.0,2,11.788189
0.0,4,11.789008
0.0,26,11.794384
0.0,15,11.797456
0.0,23,11.802152
0.0,4,11.802989
0.0,16,11.806235
0.0,9,11.808104
0.0,14,11.811026
1.0,61,11.823725
0.0,20,11.8279
0.0,58,11.84008
0.0,2,11.840491
0.0,29,11.846478
0.0,7,11.847949
1.0,4,11.848779
0.0,5,11.849804
0.0,5,11.850814
0.0,24,11.855732
0.0,39,11.863906
0.0,9,11.865792
1.0,39,11.873858
0.0,19,11.877812
0.0,9,11.879705
0.0,48,11.889721
0.0,59,11.902153
0.0,5,11.903203
0.0,16,11.906473
0.0,17,11.910023
0.0,62,11.922938
0.0,20,11.927128
0.0,17,11.930676
0.0,121,11.956111
0.0,98,11.976639
1.0,96,11.996468
0.0,16,11.999776
0.0,66,12.013573
0.0,3,12.014203
0.0,9,12.016084
0.0,39,12.02423
0.0,21,12.028592
0.0,13,12.031325
1.0,120,12.056368
1.0,19,12.060334
0.0,11,12.062639
0.0,19,12.066612
0.0,7,12.068083
0.0,7,12.069525
0.0,6,12.070783
0.0,32,12.077423
0.0,37,12.085117
0.0,13,12.087773
0.0,15,12.090881
0.0,26,12.096284
0.0,5,12.097316
1.0,40,12.105536
0.0,78,12.121806
1.0,25,12.126934
0.0,5,12.127977
0.0,6,12.129229
0.0,9,12.131089
1.0,39,12.139055
0.0,14,12.141955
1.0,73,12.15687
0.0,18,12.160649
1.0,19,12.164511
1.0,15,12.167642
1.0,7,12.169076
0.0,42,12.177575
1.0,30,12.183734
1.0,11,12.185968
0.0,26,12.191308
1.0,14,12.194209
0.0,17,12.197673
0.0,7,12.19911
0.0,11,12.201356
0.0,57,12.213249
0.0,21,12.21753
0.0,9,12.219413
0.0,4,12.220251
1.0,35,12.227415
0.0,5,12.228456
0.0,10,12.230486
0.0,8,12.232183
1.0,41,12.240623
1.0,19,12.244442
0.0,7,12.245867
0.0,3,12.246506
1.0,34,12.253432
0.0,4,12.254284
1.0,36,12.261608
1.0,26,12.266894
0.0,12,12.269342
0.0,5,12.270378
1.0,35,12.277594
0.0,6,12.278837
0.0,22,12.283277
1.0,13,12.285921
0.0,6,12.28717
0.0,9,12.289011
1.0,51,12.299636
1.0,27,12.30511
0.0,43,12.313952
0.0,26,12.319361
0.0,30,12.325511
0.0,11,12.327758
1.0,30,12.333847
0.0,6,12.335092
1.0,19,12.338963
1.0,9,12.340818
0.0,13,12.343458
1.0,23,12.348155
0.0,15,12.35123
1.0,15,12.354299
0.0,9,12.356146
0.0,10,12.358201
0.0,6,12.359448
0.0,20,12.363621
0.0,10,12.36569
0.0,5,12.366735
0.0,12,12.369239
0.0,24,12.374245
0.0,91,12.393261
0.0,10,12.395313
0.0,19,12.399286
0.0,5,12.400317
0.0,7,12.401741
0.0,7,12.403169
0.0,7,12.404641
1.0,6,12.405877
0.0,10,12.407943
1.0,24,12.41288
0.0,12,12.415372
0.0,3,12.415998
0.0,11,12.418274
0.0,3,12.418898
0.0,24,12.423899
0.0,28,12.429722
0.0,9,12.431571
1.0,13,12.43425
1.0,17,12.437707
1.0,9,12.439558
1.0,12,12.442019
0.0,10,12.444054
0.0,3,12.444685
0.0,14,12.447499
1.0,17,12.450944
1.0,10,12.452998
1.0,8,12.454649
1.0,29,12.460594
0.0,3,12.461211
0.0,7,12.462659
0.0,26,12.467966
0.0,15,12.471042
1.0,9,12.472878
0.0,23,12.477592
0.0,43,12.486388
0.0,21,12.49073
0.0,24,12.495714
1.0,8,12.497355
1.0,20,12.501613
0.0,5,12.502655
0.0,41,12.511162
1.0,8,12.512804
0.0,13,12.515482
1.0,29,12.521475
0.0,3,12.52209
0.0,12,12.524572
0.0,35,12.531747
0.0,16,12.53501
0.0,13,12.537704
0.0,3,12.538341
1.0,33,12.545128
0.0,13,12.547808
0.0,20,12.551951
0.0,28,12.557788
0.0,29,12.563837
0.0,88,12.582107
1.0,54,12.593323
0.0,12,12.595792
0.0,18,12.599508
0.0,4,12.600344
0.0,11,12.602582
0.0,3,12.603199
0.0,48,12.613222
0.0,10,12.615292
1.0,58,12.627445
1.0,68,12.6415
0.0,8,12.643162
1.0,23,12.647907
1.0,12,12.650362
0.0,3,12.650974
0.0,69,12.665365
0.0,23,12.670115
0.0,6,12.671357
0.0,18,12.674982
1.0,12,12.67747
1.0,50,12.687664
1.0,10,12.689714
0.0,9,12.691557
0.0,3,12.692176
0.0,6,12.693427
0.0,37,12.701169
0.0,35,12.708343
0.0,13,12.711053
0.0,20,12.715187
0.0,28,12.720984
1.0,49,12.731044
0.0,65,12.744451
1.0,39,12.75274
1.0,52,12.763327
1.0,16,12.766563
0.0,4,12.767401
0.0,6,12.768628
0.0,3,12.769253
1.0,21,12.773543
0.0,11,12.775842
0.0,53,12.786834
0.0,12,12.789293
0.0,26,12.794721
0.0,9,12.796592
0.0,4,12.797429
0.0,9,12.799254
0.0,15,12.802279
1.0,65,12.815516
0.0,9,12.817359
1.0,13,12.819988
0.0,44,12.829092
0.0,3,12.82971
0.0,6,12.830945
0.0,3,12.831559
1.0,57,12.843422
0.0,14,12.84635
0.0,12,12.848809
0.0,5,12.84985
1.0,51,12.860414
1.0,103,12.881742
0.0,6,12.882971
0.0,23,12.887676
0.0,6,12.888925
1.0,15,12.891944
0.0,12,12.8944
0.0,10,12.896445
1.0,14,12.899282
1.0,29,12.905159
1.0,45,12.91426
0.0,12,12.916729
1.0,15,12.919789
0.0,11,12.92205
1.0,10,12.924056
0.0,8,12.925676
0.0,14,12.928528
1.0,11,12.930748
0.0,34,12.937715
0.0,5,12.938751
1.0,11,12.940997
0.0,3,12.941612
0.0,16,12.944917
0.0,16,12.948261
0.0,10,12.950347
0.0,21,12.954702
0.0,50,12.965088
1.0,21,12.9694
0.0,16,12.972723
0.0,33,12.979587
0.0,15,12.98263
0.0,6,12.983865
0.0,16,12.987136
0.0,70,13.001742
0.0,4,13.002578
0.0,40,13.01081
0.0,6,13.012061
1.0,114,13.035648
1.0,27,13.04122
0.0,4,13.042044
1.0,14,13.044893
0.0,8,13.046558
0.0,10,13.048628
0.0,8,13.050265
1.0,10,13.052308
1.0,26,13.057556
0.0,8,13.059203
1.0,31,13.065486
0.0,14,13.068354
1.0,16,13.0716
0.0,23,13.076309
0.0,5,13.077331
0.0,10,13.079402
1.0,17,13.082895
0.0,2,13.083309
0.0,3,13.083939
1.0,17,13.087428
0.0,3,13.088053
0.0,15,13.091128
0.0,6,13.092367
0.0,39,13.1005
0.0,19,13.104419
0.0,13,13.10714
0.0,32,13.113788
0.0,12,13.1163
1.0,47,13.126087
0.0,38,13.134028
0.0,51,13.144665
0.0,7,13.146127
0.0,44,13.155333
0.0,11,13.157637
0.0,48,13.167581
0.0,33,13.174438
0.0,40,13.182744
0.0,14,13.185631
1.0,67,13.19956
1.0,23,13.204252
0.0,4,13.205095
0.0,88,13.223383
0.0,6,13.224632
0.0,9,13.226505
0.0,6,13.227751
0.0,6,13.228987
0.0,20,13.233041
1.0,62,13.245942
0.0,15,13.248999
1.0,33,13.255679
1.0,16,13.258948
0.0,35,13.266081
1.0,15,13.269156
1.0,11,13.271408
0.0,7,13.272851
0.0,3,13.273468
0.0,14,13.276375
1.0,31,13.282655
1.0,18,13.286359
0.0,5,13.287414
0.0,30,13.293504
0.0,19,13.297463
0.0,8,13.299094
0.0,8,13.300725
0.0,48,13.310719
1.0,8,13.312361
0.0,22,13.316846
0.0,7,13.318289
0.0,11,13.320537
0.0,20,13.324683
1.0,14,13.327552
1.0,14,13.330427
0.0,7,13.331842
0.0,12,13.334271
1.0,37,13.341808
0.0,5,13.342845
0.0,53,13.353808
1.0,14,13.356642
1.0,22,13.361051
1.0,11,13.363293
1.0,21,13.36753
0.0,7,13.368978
0.0,28,13.374724
0.0,7,13.376163
0.0,4,13.376992
0.0,6,13.37824
0.0,11,13.380532
0.0,18,13.384281
1.0,35,13.391438
0.0,8,13.393072
0.0,5,13.394107
0.0,67,13.408073
0.0,88,13.426414
0.0,26,13.431823
0.0,10,13.43387
1.0,21,13.438204
0.0,7,13.43963
0.0,19,13.443514
0.0,21,13.447885
1.0,23,13.452603
0.0,21,13.456969
0.0,12,13.45942
0.0,59,13.471607
0.0,21,13.475948
0.0,21,13.480325
0.0,33,13.487133
0.0,5,13.488168
0.0,98,13.508656
0.0,81,13.525552
0.0,33,13.532423
1.0,24,13.537338
0.0,33,13.544218
0.0,10,13.546268
0.0,12,13.548669
0.0,16,13.551863
0.0,33,13.558474
1.0,21,13.562675
1.0,25,13.567753
0.0,35,13.574874
0.0,12,13.577328
0.0,7,13.578734
1.0,7,13.580129
1.0,27,13.58556
0.0,17,13.588963
0.0,10,13.591022
0.0,93,13.610148
0.0,31,13.61651
1.0,12,13.61896
1.0,33,13.625788
0.0,35,13.633013
1.0,22,13.637534
0.0,13,13.640233
0.0,60,13.652767
0.0,114,13.676512
1.0,65,13.690089
0.0,9,13.691911
0.0,18,13.695567
0.0,6,13.696791
0.0,11,13.699068
0.0,49,13.709289
1.0,8,13.710922
0.0,6,13.712166
0.0,62,13.725113
0.0,13,13.727819
0.0,8,13.729492
0.0,235,13.778813
0.0,10,13.780904
0.0,5,13.781937
0.0,8,13.783547
0.0,7,13.785012
0.0,5,13.78605
0.0,6,13.787276
0.0,18,13.790966
0.0,10,13.79304
1.0,6,13.794263
0.0,2,13.79467
0.0,34,13.801761
0.0,15,13.804755
0.0,16,13.808065
0.0,7,13.809524
0.0,2,13.809942
0.0,36,13.81746
0.0,4,13.8183
1.0,53,13.829309
0.0,52,13.840156
1.0,49,13.850298
0.0,13,13.852933
1.0,14,13.855763
0.0,9,13.857623
0.0,53,13.868633
1.0,41,13.877092
0.0,57,13.8888
0.0,2,13.889218
1.0,12,13.891668
0.0,17,13.895193
0.0,106,13.917351
1.0,18,13.920995
0.0,69,13.935362
0.0,20,13.939529
1.0,52,13.95038
0.0,27,13.956018
0.0,32,13.962695
0.0,26,13.968015
1.0,38,13.975871
1.0,13,13.978522
1.0,9,13.980395
0.0,10,13.98246
1.0,29,13.98839
1.0,57,14.000016
0.0,12,14.002477
0.0,3,14.003106
1.0,88,14.021504
0.0,30,14.027585
1.0,23,14.032305
0.0,19,14.036189
0.0,6,14.037439
0.0,11,14.039673
1.0,53,14.050625
0.0,26,14.056012
0.0,10,14.058037
0.0,9,14.05986
0.0,3,14.060476
0.0,20,14.064541
0.0,3,14.065166
0.0,67,14.079021
0.0,12,14.081446
0.0,54,14.092698
0.0,5,14.093734
1.0,136,14.122189
1.0,36,14.129613
0.0,29,14.135632
0.0,16,14.138895
0.0,17,14.142364
0.0,11,14.144608
0.0,18,14.148359
1.0,56,14.159727
0.0,13,14.162403
0.0,9,14.164237
1.0,8,14.165861
0.0,6,14.167105
0.0,21,14.171437
1.0,21,14.175691
0.0,3,14.176331
0.0,4,14.177165
0.0,16,14.180516
0.0,10,14.182568
0.0,38,14.190532
1.0,11,14.192771
0.0,3,14.193388
0.0,29,14.199458
0.0,72,14.214547
0.0,29,14.220589
1.0,62,14.233474
1.0,45,14.242768
0.0,2,14.243177
0.0,54,14.254496
0.0,37,14.262191
0.0,12,14.264667
1.0,10,14.266705
0.0,7,14.26817
0.0,2,14.26859
0.0,8,14.270264
0.0,55,14.28161
0.0,13,14.284254
1.0,23,14.288966
0.0,22,14.293445
1.0,65,14.306703
0.0,6,14.307918
1.0,20,14.311935
0.0,18,14.315597
1.0,14,14.318466
0.0,10,14.320498
0.0,25,14.325615
1.0,9,14.327476
0.0,4,14.328306
0.0,51,14.33883
1.0,15,14.341912
0.0,3,14.342537
0.0,4,14.343374
0.0,21,14.347666
1.0,7,14.349101
0.0,4,14.34992
1.0,9,14.35176
0.0,4,14.352594
0.0,44,14.361612
1.0,23,14.366338
0.0,15,14.369408
0.0,7,14.370845
1.0,18,14.374537
0.0,19,14.378458
0.0,4,14.379297
1.0,17,14.382768
0.0,5,14.383813
0.0,24,14.388836
0.0,54,14.400097
0.0,149,14.431237
0.0,5,14.432274
0.0,43,14.441209
1.0,14,14.444047
0.0,20,14.448125
0.0,14,14.450932
0.0,3,14.451549
1.0,28,14.457113
0.0,5,14.458124
1.0,7,14.459526
0.0,13,14.462131
0.0,10,14.464146
0.0,4,14.464966
0.0,20,14.469078
0.0,42,14.477785
0.0,4,14.47862
1.0,38,14.486482
0.0,20,14.49066
0.0,20,14.494815
0.0,11,14.497093
0.0,17,14.500566
0.0,15,14.503673
0.0,3,14.504306
0.0,31,14.510785
1.0,45,14.52012
0.0,13,14.522827
0.0,27,14.528373
0.0,20,14.532492
0.0,30,14.538639
0.0,8,14.540266
1.0,20,14.544387
0.0,7,14.545826
1.0,21,14.550026
0.0,20,14.554142
0.0,3,14.554773
0.0,5,14.555795
0.0,7,14.557199
0.0,29,14.563201
0.0,4,14.564012
1.0,79,14.580438
0.0,13,14.583118
1.0,183,14.621357
1.0,12,14.623844
0.0,9,14.625688
1.0,23,14.630422
0.0,9,14.632259
0.0,24,14.637266
0.0,6,14.638513
0.0,3,14.639135
0.0,91,14.65809
0.0,147,14.68887
1.0,13,14.691562
0.0,16,14.694853
0.0,6,14.696091
0.0,5,14.697123
1.0,23,14.701795
0.0,10,14.70385
1.0,85,14.721482
0.0,142,14.751219
1.0,11,14.753466
0.0,15,14.756559
0.0,9,14.75841
0.0,12,14.76121
0.0,25,14.766407
0.0,32,14.773039
0.0,72,14.787986
1.0,42,14.796674
1.0,24,14.801555
1.0,17,14.805073
1.0,12,14.807474
0.0,12,14.809946
0.0,3,14.810563
1.0,33,14.817375
1.0,26,14.822617
0.0,7,14.824057
0.0,83,14.841342
1.0,25,14.846407
0.0,18,14.850016
1.0,21,14.854285
0.0,5,14.855316
0.0,13,14.857965
0.0,10,14.859987
0.0,18,14.863716
0.0,17,14.867209
0.0,8,14.868842
0.0,69,14.883253
0.0,107,14.905397
0.0,17,14.908867
0.0,54,14.920017
0.0,37,14.92769
0.0,84,14.945238
1.0,13,14.947856
1.0,21,14.952183
1.0,10,14.95422
0.0,32,14.96077
0.0,17,14.964317
1.0,8,14.965962
0.0,28,14.971749
0.0,13,14.974363
0.0,6,14.975587
1.0,24,14.980498
0.0,19,14.984442
0.0,12,14.986883
0.0,10,14.988889
0.0,3,14.989501
1.0,17,14.992906
0.0,55,15.004278
0.0,37,15.011842
0.0,13,15.014502
0.0,20,15.01854
1.0,17,15.022015
0.0,11,15.024252
0.0,40,15.032613
0.0,22,15.037178
0.0,10,15.039211
0.0,3,15.039835
0.0,20,15.044007
1.0,35,15.051178
0.0,76,15.066954
0.0,78,15.083236
0.0,40,15.091393
0.0,35,15.098473
0.0,10,15.100476
0.0,34,15.107568
0.0,10,15.10963
0.0,17,15.113155
0.0,38,15.120996
1.0,24,15.125916
1.0,13,15.128596
1.0,51,15.139154
0.0,10,15.141175
0.0,24,15.14608
0.0,10,15.148156
0.0,3,15.148784
0.0,18,15.152543
0.0,3,15.153171
0.0,15,15.156232
0.0,14,15.159145
0.0,95,15.178878
0.0,13,15.181502
0.0,9,15.183354
0.0,177,15.220282
0.0,3,15.220913
0.0,85,15.238609
0.0,48,15.248595
0.0,118,15.273254
0.0,121,15.298434
0.0,4,15.299267
0.0,44,15.308463
0.0,10,15.310558
1.0,53,15.321512
0.0,35,15.328756
0.0,7,15.330213
1.0,37,15.337832
0.0,54,15.348971
1.0,52,15.359757
1.0,17,15.363217
0.0,24,15.368105
0.0,12,15.370599
0.0,3,15.371218
1.0,22,15.375727
0.0,6,15.376964
1.0,30,15.383116
0.0,8,15.384769
0.0,29,15.390766
1.0,11,15.393008
0.0,40,15.401228
1.0,48,15.411225
0.0,5,15.412265
0.0,9,15.414111
0.0,29,15.42011
0.0,5,15.42114
1.0,54,15.432279
0.0,31,15.438705
0.0,16,15.441995
1.0,21,15.446276
1.0,15,15.44933
0.0,6,15.450587
0.0,35,15.45781
1.0,15,15.460902
0.0,5,15.461958
1.0,15,15.465013
0.0,29,15.47098
0.0,6,15.472224
0.0,26,15.477562
0.0,12,15.480029
1.0,25,15.485163
0.0,12,15.487562
0.0,29,15.493517
0.0,5,15.494543
0.0,16,15.497817
0.0,5,15.498851
0.0,7,15.500297
0.0,22,15.504893
0.0,21,15.509211
0.0,9,15.511067
0.0,35,15.518214
0.0,28,15.524089
0.0,3,15.52472
0.0,21,15.529083
0.0,98,15.549577
1.0,15,15.552633
0.0,83,15.569854
0.0,2,15.570271
1.0,79,15.58682
0.0,8,15.588487
1.0,42,15.596938
0.0,57,15.608811
0.0,33,15.615608
1.0,23,15.62039
0.0,6,15.621638
0.0,3,15.62225
0.0,9,15.624116
0.0,34,15.631173
0.0,10,15.633249
0.0,24,15.638213
0.0,25,15.643394
0.0,8,15.645034
1.0,69,15.659394
0.0,10,15.661416
0.0,7,15.662857
0.0,7,15.664309
0.0,45,15.673651
0.0,62,15.686546
0.0,72,15.70151
0.0,145,15.731762
0.0,90,15.750397
0.0,11,15.752634
0.0,4,15.753465
0.0,10,15.755486
0.0,7,15.756913
0.0,9,15.758796
0.0,41,15.767572
0.0,11,15.769801
0.0,8,15.771471
0.0,13,15.774125
1.0,21,15.778415
0.0,30,15.784726
0.0,26,15.790076
1.0,14,15.792942
0.0,23,15.797592
0.0,47,15.807352
0.0,12,15.809848
0.0,198,15.851196
0.0,42,15.860003
0.0,68,15.874184
0.0,64,15.887495
0.0,15,15.890529
1.0,14,15.893357
0.0,16,15.896682
0.0,4,15.89752
1.0,24,15.902421
0.0,29,15.908478
0.0,45,15.917808
0.0,24,15.922706
0.0,11,15.924937
0.0,14,15.927785
0.0,4,15.928614
0.0,4,15.929444
0.0,24,15.934378
0.0,60,15.946922
0.0,29,15.952981
0.0,83,15.970371
0.0,71,15.985012
1.0,91,16.00382
0.0,25,16.008954
1.0,14,16.01178
0.0,3,16.012399
1.0,69,16.026735
0.0,23,16.031355
0.0,43,16.040269
1.0,19,16.044084
0.0,63,16.057282
0.0,27,16.062883
0.0,54,16.074158
1.0,23,16.078901
1.0,22,16.083307
1.0,22,16.087761
0.0,8,16.089401
1.0,27,16.094879
0.0,10,16.096924
1.0,13,16.099563
1.0,12,16.102002
1.0,33,16.108733
0.0,5,16.109769
0.0,14,16.112651
0.0,4,16.113488
1.0,10,16.115543
1.0,17,16.119022
1.0,19,16.122942
0.0,6,16.124186
0.0,32,16.130712
0.0,50,16.141057
0.0,75,16.156678
1.0,34,16.163608
0.0,24,16.168528
0.0,23,16.173269
1.0,30,16.179438
1.0,25,16.184533
1.0,9,16.186386
0.0,12,16.188867
1.0,41,16.197269
1.0,16,16.200543
0.0,9,16.202404
0.0,28,16.208134
0.0,28,16.213909
0.0,36,16.221308
1.0,21,16.225594
0.0,22,16.230121
0.0,3,16.230737
0.0,18,16.234501
1.0,29,16.240478
0.0,51,16.25113
0.0,6,16.252351
0.0,12,16.25475
0.0,5,16.255775
0.0,27,16.261368
0.0,27,16.266956
0.0,7,16.268383
0.0,22,16.272983
0.0,7,16.274448
1.0,71,16.289101
0.0,8,16.290713
0.0,3,16.291324
1.0,13,16.293988
0.0,10,16.295996
0.0,8,16.297605
0.0,48,16.307449
1.0,11,16.309672
0.0,2,16.310082
1.0,22,16.314617
1.0,15,16.3176
0.0,4,16.318423
0.0,5,16.319459
1.0,62,16.33212
0.0,20,16.336199
1.0,27,16.341762
0.0,20,16.345847
0.0,33,16.352661
0.0,20,16.356665
0.0,29,16.362548
0.0,24,16.367559
0.0,18,16.371272
0.0,56,16.382989
0.0,59,16.395283
1.0,27,16.400813
0.0,36,16.408217
0.0,16,16.411436
0.0,2,16.411845
0.0,10,16.413867
1.0,37,16.421506
0.0,61,16.434117
0.0,3,16.434736
0.0,5,16.435752
1.0,142,16.465237
0.0,62,16.478128
0.0,31,16.484599
0.0,2,16.485019
0.0,8,16.486691
0.0,11,16.488891
0.0,24,16.49385
0.0,85,16.511569
0.0,55,16.523044
0.0,94,16.542621
1.0,24,16.547528
0.0,21,16.551844
0.0,18,16.555547
0.0,8,16.557188
0.0,14,16.560078
1.0,13,16.562739
0.0,3,16.563366
0.0,39,16.571492
0.0,135,16.599611
0.0,69,16.613982
1.0,39,16.621964
1.0,16,16.625265
0.0,81,16.642047
0.0,13,16.644774
0.0,9,16.646589
0.0,51,16.657256
1.0,83,16.674561
0.0,7,16.676031
0.0,22,16.680622
0.0,18,16.684349
1.0,30,16.690591
0.0,43,16.699613
1.0,17,16.703087
0.0,6,16.704353
0.0,71,16.719075
0.0,9,16.720932
0.0,19,16.724823
0.0,5,16.725864
1.0,40,16.73413
0.0,7,16.73557
0.0,13,16.738242
0.0,29,16.744144
1.0,88,16.762545
0.0,13,16.765157
0.0,4,16.765995
0.0,46,16.775908
0.0,8,16.777548
0.0,3,16.778167
0.0,6,16.779371
0.0,5,16.780375
0.0,45,16.789717
0.0,27,16.795304
0.0,22,16.799786
0.0,16,16.80306
1.0,27,16.808621
0.0,42,16.81729
0.0,9,16.819152
0.0,106,16.841299
0.0,11,16.84355
0.0,43,16.8525
0.0,61,16.865236
0.0,9,16.86708
1.0,30,16.873176
0.0,18,16.876811
1.0,218,16.92205
1.0,50,16.932272
0.0,3,16.932903
0.0,48,16.942888
0.0,104,16.964545
0.0,81,16.981514
0.0,3,16.98214
0.0,5,16.983167
0.0,65,16.996697
0.0,50,17.007056
1.0,16,17.010302
0.0,38,17.018147
0.0,12,17.020565
0.0,9,17.022393
0.0,13,17.02507
0.0,17,17.028534
0.0,27,17.034207
1.0,60,17.046542
0.0,43,17.055325
1.0,125,17.081331
1.0,49,17.091475
1.0,38,17.099278
0.0,3,17.099913
0.0,49,17.110164
1.0,37,17.117768
0.0,59,17.130038
0.0,16,17.133267
0.0,3,17.133881
1.0,31,17.140156
0.0,3,17.140782
0.0,5,17.141831
1.0,26,17.147067
1.0,56,17.158593
0.0,5,17.159626
0.0,11,17.16186
0.0,7,17.163276
1.0,37,17.170844
1.0,12,17.173273
1.0,13,17.175951
0.0,3,17.176579
0.0,46,17.186037
0.0,6,17.187258
1.0,20,17.191255
0.0,3,17.191882
0.0,6,17.193131
1.0,18,17.196801
0.0,11,17.199052
0.0,6,17.200284
1.0,10,17.202307
0.0,64,17.215494
0.0,16,17.218797
0.0,33,17.225668
0.0,62,17.238318
0.0,38,17.246227
0.0,13,17.248897
0.0,46,17.258483
0.0,13,17.261173
0.0,5,17.26221
0.0,76,17.278073
0.0,52,17.288878
0.0,55,17.300367
0.0,37,17.308093
0.0,6,17.309346
0.0,56,17.320984
0.0,25,17.326174
0.0,3,17.326798
0.0,10,17.328888
1.0,111,17.351912
0.0,4,17.352735
0.0,41,17.361318
0.0,44,17.370531
0.0,46,17.380136
0.0,9,17.38196
0.0,19,17.38574
0.0,69,17.400158
0.0,2,17.400575
1.0,11,17.4028
0.0,70,17.417418
0.0,20,17.421424
0.0,6,17.422641
0.0,4,17.423464
0.0,9,17.425286
1.0,12,17.42769
0.0,4,17.428551
0.0,7,17.429954
0.0,85,17.447484
0.0,15,17.450492
0.0,4,17.451318
0.0,36,17.458778
0.0,16,17.46208
0.0,69,17.47638
0.0,17,17.479929
0.0,19,17.483781
0.0,25,17.488968
0.0,9,17.490795
0.0,4,17.491627
0.0,56,17.503278
0.0,5,17.504301
1.0,38,17.512138
1.0,12,17.514566
0.0,2,17.514975
0.0,2,17.515392
0.0,10,17.517484
0.0,49,17.527608
0.0,38,17.535506
1.0,141,17.564751
1.0,50,17.575122
0.0,6,17.576356
0.0,2,17.576766
1.0,68,17.590911
1.0,13,17.593513
0.0,15,17.596525
1.0,12,17.598937
1.0,16,17.602133
0.0,2,17.602549
0.0,11,17.604756
1.0,14,17.607537
0.0,6,17.608761
0.0,6,17.609999
0.0,8,17.611622
0.0,8,17.613235
0.0,21,17.617552
1.0,14,17.620371
1.0,14,17.623142
1.0,16,17.626392
0.0,7,17.627819
0.0,9,17.62963
0.0,5,17.630648
0.0,18,17.634279
0.0,10,17.636286
0.0,3,17.636902
1.0,15,17.639926
0.0,47,17.649567
0.0,21,17.65385
0.0,9,17.655666
0.0,25,17.660768
0.0,62,17.67361
0.0,2,17.674019
0.0,12,17.67647
0.0,101,17.697565
0.0,103,17.719124
0.0,29,17.724952
1.0,23,17.729527
0.0,15,17.732571
0.0,3,17.733196
1.0,12,17.735623
0.0,10,17.737649
1.0,17,17.741075
0.0,6,17.742303
0.0,10,17.744342
0.0,2,17.744749
1.0,12,17.747198
1.0,14,17.750053
0.0,17,17.753461
0.0,14,17.756271
0.0,78,17.772612
0.0,5,17.773847
0.0,32,17.780373
0.0,25,17.785406
0.0,7,17.786836
0.0,15,17.789914
1.0,18,17.79354
0.0,6,17.794764
0.0,2,17.795167
0.0,73,17.810389
0.0,22,17.814827
0.0,10,17.816894
0.0,4,17.817726
0.0,91,17.836527
0.0,13,17.839154
1.0,32,17.845631
0.0,17,17.849067
0.0,2,17.849478
0.0,18,17.853205
0.0,14,17.856007
1.0,9,17.857832
0.0,20,17.861883
0.0,16,17.865084
1.0,19,17.868885
0.0,12,17.871282
0.0,37,17.878735
0.0,38,17.886667
1.0,19,17.8905
0.0,9,17.892318
0.0,9,17.894144
1.0,52,17.904815
0.0,9,17.906633
0.0,19,17.910483
0.0,32,17.917075
0.0,26,17.922477
0.0,30,17.928651
0.0,91,17.947565
0.0,22,17.952069
0.0,150,17.983422
1.0,27,17.988934
0.0,3,17.989568
0.0,41,17.998092
1.0,14,18.000953
0.0,19,18.004874
0.0,34,18.01199
0.0,9,18.013852
0.0,103,18.035389
0.0,47,18.045211
0.0,11,18.047462
0.0,15,18.050532
1.0,20,18.054667
1.0,17,18.058147
0.0,16,18.061413
1.0,27,18.067005
0.0,97,18.087275
0.0,33,18.094177
0.0,9,18.096039
1.0,39,18.104066
1.0,29,18.110062
1.0,9,18.111907
1.0,9,18.113754
0.0,25,18.118834
0.0,8,18.120508
0.0,3,18.121136
0.0,8,18.122803
0.0,10,18.124837
0.0,16,18.128093
1.0,23,18.132809
0.0,9,18.134641
0.0,13,18.137302
1.0,30,18.143403
0.0,6,18.144639
1.0,18,18.148264
1.0,21,18.152528
0.0,23,18.157164
0.0,21,18.161424
0.0,13,18.164049
0.0,11,18.166292
0.0,21,18.170536
0.0,8,18.17217
0.0,4,18.172998
0.0,7,18.174432
0.0,38,18.182241
1.0,75,18.197724
0.0,11,18.199967
0.0,8,18.201607
0.0,12,18.204105
0.0,12,18.206568
0.0,8,18.208226
1.0,8,18.209852
0.0,3,18.210478
0.0,41,18.218979
0.0,6,18.220228
0.0,5,18.221253
0.0,25,18.226493
0.0,48,18.236524
0.0,15,18.239607
0.0,23,18.244329
1.0,38,18.252117
0.0,11,18.254366
0.0,33,18.261018
0.0,3,18.261644
1.0,10,18.263693
1.0,20,18.267751
1.0,25,18.272768
0.0,9,18.274591
1.0,29,18.280413
1.0,31,18.286706
1.0,8,18.28834
0.0,7,18.289815
1.0,28,18.295536
0.0,3,18.296162
1.0,35,18.303223
0.0,3,18.303848
0.0,83,18.321176
0.0,29,18.32718
0.0,22,18.331762
0.0,5,18.332792
0.0,38,18.340575
0.0,3,18.341201
0.0,12,18.343712
0.0,31,18.350014
0.0,11,18.352303
1.0,17,18.355783
0.0,8,18.357436
0.0,24,18.36244
0.0,3,18.363067
0.0,21,18.367462
0.0,18,18.371221
1.0,12,18.373676
0.0,9,18.375555
0.0,35,18.38279
1.0,24,18.387605
0.0,9,18.389477
0.0,14,18.392323
0.0,5,18.393351
0.0,7,18.39477
0.0,6,18.395993
0.0,19,18.399868
0.0,13,18.402504
1.0,13,18.405141
0.0,6,18.406368
0.0,2,18.406779
0.0,17,18.410262
1.0,11,18.412483
0.0,22,18.41709
1.0,8,18.41874
1.0,30,18.424828
0.0,5,18.425847
1.0,30,18.431961
0.0,12,18.434388
0.0,39,18.442525
0.0,5,18.443557
1.0,143,18.473274
1.0,93,18.492518
0.0,22,18.496989
0.0,92,18.516138
0.0,9,18.517942
0.0,127,18.544468
0.0,11,18.546783
1.0,92,18.565758
0.0,50,18.576024
0.0,8,18.577643
0.0,20,18.581737
0.0,53,18.592813
0.0,57,18.604675
0.0,12,18.607126
0.0,54,18.61838
0.0,2,18.618799
0.0,66,18.632523
0.0,61,18.645268
1.0,40,18.653416
0.0,10,18.655455
0.0,62,18.668338
0.0,163,18.702471
0.0,7,18.703938
1.0,45,18.713267
0.0,29,18.719314
0.0,17,18.722762
0.0,24,18.727614
1.0,43,18.736459
1.0,16,18.739705
0.0,6,18.740938
0.0,36,18.748467
0.0,6,18.749686
0.0,22,18.75428
0.0,14,18.757147
0.0,40,18.765482
0.0,24,18.770451
0.0,105,18.792751
0.0,9,18.794612
0.0,10,18.796619
0.0,5,18.797654
1.0,29,18.803498
1.0,30,18.809532
0.0,2,18.809948
0.0,17,18.813392
0.0,11,18.815607
0.0,2,18.816018
0.0,12,18.818532
1.0,7,18.81999
0.0,13,18.822603
0.0,8,18.824246
1.0,30,18.830447
1.0,8,18.832056
0.0,2,18.832466
0.0,35,18.839716
0.0,19,18.843678
0.0,83,18.86096
0.0,14,18.86389
0.0,31,18.870369
0.0,10,18.872461
1.0,26,18.87789
0.0,8,18.879546
0.0,7,18.881005
0.0,14,18.883914
0.0,6,18.885154
1.0,73,18.900263
0.0,4,18.901095
0.0,2,18.901505
0.0,18,18.905244
0.0,48,18.915312
1.0,20,18.919409
0.0,4,18.920245
0.0,51,18.930872
1.0,13,18.933536
0.0,3,18.934166
0.0,6,18.935419
1.0,11,18.937664
0.0,5,18.93868
0.0,4,18.939508
0.0,4,18.940371
0.0,11,18.942668
0.0,11,18.944965
1.0,13,18.947587
1.0,30,18.953625
0.0,6,18.954876
1.0,14,18.957721
0.0,13,18.960356
1.0,19,18.964206
1.0,19,18.968064
0.0,43,18.97683
0.0,45,18.986001
1.0,30,18.992045
0.0,8,18.993668
0.0,16,18.99693
0.0,33,19.003641
1.0,25,19.008745
0.0,4,19.009583
0.0,6,19.010809
0.0,47,19.020601
1.0,18,19.024214
1.0,8,19.025851
0.0,41,19.034309
0.0,5,19.035347
0.0,24,19.040335
0.0,4,19.041167
0.0,8,19.042816
0.0,8,19.044473
1.0,32,19.050999
1.0,9,19.052842
0.0,14,19.055754
0.0,104,19.077408
0.0,7,19.078856
0.0,38,19.086819
1.0,38,19.094632
0.0,16,19.097918
1.0,25,19.103005
0.0,4,19.10384
0.0,7,19.105294
0.0,5,19.106325
1.0,103,19.127754
0.0,17,19.131175
0.0,7,19.132618
0.0,4,19.133452
0.0,7,19.1349
0.0,4,19.135733
0.0,45,19.145138
0.0,79,19.161314
0.0,8,19.162951
0.0,29,19.16885
1.0,23,19.173479
1.0,10,19.175506
0.0,13,19.178136
0.0,9,19.179979
1.0,9,19.181809
0.0,3,19.182431
1.0,6,19.183679
0.0,9,19.185529
1.0,54,19.196547
1.0,6,19.197808
1.0,20,19.201879
1.0,23,19.206571
0.0,22,19.21106
1.0,10,19.213092
0.0,9,19.214946
0.0,3,19.215571
1.0,8,19.217206
0.0,7,19.218635
0.0,3,19.219264
1.0,30,19.22538
0.0,17,19.22881
0.0,5,19.229837
1.0,13,19.232439
0.0,14,19.235254
1.0,13,19.237851
1.0,54,19.248829
1.0,26,19.254135
1.0,19,19.258035
0.0,4,19.258884
0.0,19,19.262743
1.0,20,19.266818
1.0,19,19.27066
0.0,6,19.27189
0.0,18,19.275564
0.0,3,19.276193
0.0,4,19.277025
0.0,34,19.283996
1.0,16,19.287276
0.0,17,19.290717
0.0,9,19.292562
1.0,13,19.295245
0.0,4,19.29608
0.0,5,19.297113
1.0,39,19.305052
0.0,52,19.315631
1.0,17,19.319113
0.0,33,19.32579
0.0,7,19.327217
0.0,4,19.328037
0.0,9,19.329881
0.0,18,19.333616
0.0,27,19.33919
1.0,23,19.343858
0.0,12,19.346336
0.0,4,19.347164
1.0,31,19.353542
1.0,34,19.360383
1.0,20,19.364452
1.0,50,19.374658
0.0,4,19.375492
1.0,21,19.37979
0.0,41,19.388207
0.0,39,19.396221
1.0,25,19.401365
1.0,12,19.40378
0.0,25,19.408911
0.0,11,19.411197
1.0,11,19.413405
0.0,3,19.414031
0.0,107,19.436222
1.0,30,19.442319
0.0,19,19.44621
0.0,7,19.447659
1.0,17,19.451126
0.0,7,19.452543
0.0,12,19.455025
0.0,15,19.458139
1.0,24,19.463105
0.0,3,19.463718
0.0,18,19.467494
0.0,9,19.469339
0.0,5,19.470375
1.0,35,19.477652
0.0,6,19.478901
1.0,49,19.488927
1.0,20,19.49301
0.0,5,19.494047
0.0,7,19.495471
0.0,9,19.497323
0.0,16,19.500606
1.0,29,19.506558
0.0,36,19.513968
0.0,4,19.514812
1.0,9,19.516679
0.0,13,19.519384
1.0,57,19.531159
1.0,29,19.537187
0.0,17,19.540593
0.0,7,19.54204
0.0,55,19.553504
0.0,21,19.557883
0.0,20,19.562022
0.0,11,19.564296
0.0,13,19.567019
0.0,88,19.585381
0.0,24,19.590386
0.0,2,19.590793
0.0,38,19.598747
0.0,12,19.601258
0.0,19,19.605201
1.0,89,19.623603
1.0,65,19.637113
0.0,3,19.637741
0.0,21,19.642127
0.0,31,19.648547
0.0,6,19.649802
0.0,19,19.653735
1.0,26,19.659111
0.0,8,19.66078
0.0,6,19.662023
0.0,6,19.66328
0.0,29,19.66938
0.0,41,19.677982
0.0,80,19.694722
0.0,8,19.696372
0.0,234,19.745181
0.0,16,19.748524
0.0,37,19.756259
0.0,5,19.757297
1.0,48,19.767329
0.0,87,19.785781
1.0,58,19.797872
0.0,35,19.805181
1.0,67,19.819141
0.0,35,19.826478
0.0,31,19.832885
0.0,20,19.837084
0.0,23,19.841811
0.0,156,19.874388
0.0,15,19.87754
0.0,131,19.905134
1.0,88,19.923407
0.0,17,19.926969
0.0,7,19.928465
0.0,125,19.954633
0.0,28,19.960455
0.0,25,19.965661
0.0,24,19.970571
1.0,45,19.979966
0.0,27,19.985551
0.0,5,19.986594
0.0,41,19.995192
0.0,47,20.005044
1.0,121,20.030324
0.0,16,20.033675
0.0,8,20.035354
0.0,31,20.041817
0.0,14,20.044751
0.0,24,20.049767
0.0,11,20.052068
0.0,39,20.060221
0.0,28,20.06609
0.0,36,20.073584
0.0,3,20.074208
0.0,20,20.078363
0.0,38,20.086262
0.0,142,20.116063
1.0,73,20.131019
0.0,2,20.131437
0.0,48,20.141438
0.0,20,20.145631
0.0,27,20.151281
0.0,7,20.152748
0.0,49,20.16288
0.0,44,20.171987
0.0,18,20.175767
0.0,21,20.180178
0.0,22,20.184777
0.0,81,20.201757
0.0,8,20.203435
0.0,59,20.2156
0.0,57,20.227515
0.0,11,20.229824
0.0,198,20.271178
0.0,19,20.275155
0.0,35,20.282499
0.0,50,20.29295
0.0,27,20.298611
0.0,11,20.300914
0.0,4,20.301739
0.0,10,20.303826
0.0,39,20.312018
0.0,39,20.320146
0.0,13,20.322875
0.0,12,20.32539
0.0,16,20.32874
0.0,16,20.332069
0.0,81,20.349041
0.0,72,20.364034
1.0,75,20.379762
0.0,16,20.383093
0.0,33,20.390004
1.0,34,20.396971
0.0,117,20.421517
0.0,99,20.442178
0.0,3,20.442805
0.0,63,20.455986
0.0,27,20.461638
1.0,31,20.468001
0.0,34,20.474814
0.0,21,20.479155
1.0,20,20.483203
0.0,4,20.484041
1.0,10,20.486074
1.0,9,20.487925
1.0,30,20.494
0.0,3,20.494632
0.0,8,20.496287
0.0,10,20.498342
0.0,7,20.499772
1.0,18,20.503433
1.0,18,20.507099
1.0,14,20.509988
0.0,17,20.513502
1.0,39,20.521576
0.0,3,20.522206
1.0,27,20.527675
0.0,9,20.529539
0.0,8,20.531153
0.0,10,20.533173
0.0,9,20.535008
0.0,18,20.538723
1.0,6,20.539949
0.0,30,20.546052
0.0,13,20.54869
0.0,53,20.559714
0.0,6,20.560946
0.0,9,20.562779
1.0,8,20.564412
1.0,78,20.580416
0.0,7,20.581851
0.0,8,20.583525
0.0,5,20.584576
1.0,29,20.590618
0.0,15,20.59374
0.0,8,20.595396
1.0,77,20.611403
1.0,49,20.621489
0.0,21,20.62579
0.0,4,20.626629
1.0,7,20.628064
0.0,4,20.62889
0.0,11,20.631143
0.0,27,20.636678
0.0,22,20.641234
0.0,9,20.643103
0.0,3,20.643727
0.0,82,20.660837
0.0,31,20.667283
0.0,64,20.68066
0.0,21,20.685046
1.0,46,20.694604
0.0,21,20.698982
0.0,6,20.700241
0.0,40,20.708602
0.0,6,20.709852
0.0,90,20.728734
0.0,51,20.739389
0.0,70,20.753911
1.0,126,20.780313
