#{"t_start": 1717608379.9706838, "env_id": "Mordor-single-v0"}
r,l,t
0.0,59,0.001426
0.0,6,0.001559
0.0,25,0.001997
0.0,12,0.002214
0.0,13,0.002456
0.0,31,0.002996
0.0,23,0.003397
0.0,3,0.003467
0.0,36,0.004082
0.0,27,0.004538
0.0,33,0.005106
0.0,17,0.005409
0.0,16,0.005693
0.0,12,0.005892
0.0,36,0.006461
0.0,22,0.006816
0.0,13,0.007031
0.0,57,0.007923
0.0,43,0.008595
0.0,20,0.008924
0.0,14,0.009157
0.0,6,0.009265
0.0,12,0.009462
0.0,83,0.010752
0.0,24,0.011135
0.0,46,0.011853
0.0,48,0.012601
0.0,43,0.013284
0.0,20,0.013604
0.0,26,0.014018
0.0,7,0.014138
0.0,3,0.014198
0.0,14,0.014433
0.0,22,0.014795
0.0,13,0.015015
0.0,26,0.015436
0.0,11,0.015617
0.0,47,0.016359
0.0,15,0.0166
0.0,4,0.016668
0.0,20,0.016966
0.0,26,0.017352
0.0,18,0.017616
0.0,42,0.018226
0.0,22,0.018551
0.0,21,0.018867
0.0,42,0.019479
0.0,39,0.020048
0.0,33,0.020524
0.0,35,0.021042
0.0,9,0.021184
0.0,103,0.02266
0.0,17,0.022927
0.0,39,0.023504
0.0,47,0.02419
0.0,40,0.024768
0.0,75,0.025862
0.0,15,0.026091
0.0,69,0.027089
0.0,36,0.027613
0.0,58,0.028419
0.0,28,0.02882
0.0,20,0.029108
0.0,37,0.029634
0.0,12,0.029814
0.0,52,0.030554
0.0,12,0.030729
0.0,36,0.031235
0.0,72,0.032244
0.0,13,0.032438
0.0,50,0.033156
0.0,61,0.034021
0.0,87,0.035241
0.0,44,0.035855
0.0,69,0.036804
0.0,15,0.03703
0.0,35,0.037522
0.0,32,0.03798
0.0,24,0.038323
0.0,96,0.039649
0.0,35,0.040138
0.0,8,0.040257
0.0,12,0.04043
0.0,38,0.040955
0.0,34,0.041436
0.0,22,0.041748
0.0,20,0.04203
0.0,42,0.042613
0.0,15,0.042827
0.0,34,0.043303
0.0,13,0.04349
0.0,65,0.044417
0.0,31,0.044855
0.0,66,0.04577
0.0,13,0.045959
0.0,39,0.046503
0.0,34,0.046976
0.0,8,0.047101
0.0,59,0.047938
0.0,38,0.048467
0.0,95,0.049758
0.0,46,0.050396
0.0,73,0.051399
0.0,76,0.052478
0.0,53,0.053212
0.0,68,0.054144
0.0,12,0.054321
0.0,14,0.054525
0.0,36,0.055024
0.0,7,0.055129
0.0,99,0.056513
0.0,74,0.057551
0.0,75,0.058605
0.0,10,0.058754
0.0,64,0.059643
0.0,3,0.059696
0.0,31,0.060129
0.0,92,0.061411
0.0,224,0.064481
0.0,16,0.064717
0.0,50,0.06542
0.0,10,0.065571
0.0,50,0.066265
0.0,100,0.067655
0.0,24,0.067992
0.0,4,0.068059
0.0,61,0.068918
0.0,164,0.071187
0.0,21,0.071491
0.0,45,0.072115
0.0,95,0.073439
0.0,73,0.074453
0.0,170,0.076793
0.0,105,0.078238
0.0,31,0.078675
0.0,132,0.080506
0.0,38,0.081035
0.0,64,0.081927
0.0,62,0.082793
0.0,17,0.083041
0.0,64,0.083926
0.0,93,0.08521
0.0,52,0.085926
0.0,40,0.086484
0.0,20,0.08677
0.0,154,0.08889
0.0,38,0.089426
0.0,15,0.089647
0.0,50,0.090342
0.0,6,0.090434
0.0,24,0.090772
0.0,50,0.091476
0.0,25,0.09183
0.0,51,0.092539
0.0,20,0.092827
0.0,129,0.094604
0.0,46,0.095251
0.0,28,0.095649
0.0,24,0.095989
0.0,158,0.098157
0.0,6,0.098255
0.0,74,0.099276
0.0,3,0.09933
0.0,7,0.099439
0.0,24,0.099782
0.0,95,0.101109
0.0,16,0.101341
0.0,85,0.102522
0.0,83,0.103677
0.0,33,0.104146
0.0,53,0.10488
0.0,42,0.105474
0.0,45,0.1061
0.0,18,0.106359
0.0,56,0.107168
0.0,12,0.107348
0.0,64,0.108263
0.0,22,0.108574
0.0,20,0.108856
1.0,84,0.110017
0.0,41,0.110586
0.0,8,0.110705
0.0,53,0.111445
0.0,15,0.111661
0.0,22,0.111973
0.0,85,0.11317
0.0,61,0.114013
0.0,83,0.11515
0.0,3,0.115205
0.0,72,0.116188
0.0,19,0.116458
0.0,81,0.11757
0.0,12,0.117746
0.0,19,0.118016
0.0,26,0.118386
0.0,22,0.1187
0.0,74,0.11972
0.0,85,0.120886
0.0,31,0.121322
0.0,143,0.123297
0.0,8,0.123421
0.0,52,0.124155
0.0,53,0.124885
0.0,80,0.125992
0.0,144,0.12797
0.0,56,0.128756
0.0,47,0.129409
0.0,41,0.129985
0.0,27,0.130365
0.0,92,0.131628
0.0,12,0.131804
0.0,30,0.132226
0.0,103,0.133647
0.0,37,0.134168
0.0,22,0.134483
0.0,73,0.135505
0.0,153,0.137609
0.0,48,0.138281
0.0,47,0.138938
0.0,14,0.13914
0.0,7,0.13925
0.0,4,0.139317
0.0,46,0.139953
0.0,135,0.141802
0.0,43,0.142405
0.0,90,0.151335
0.0,93,0.152906
0.0,108,0.15449
0.0,66,0.155445
0.0,62,0.156344
0.0,13,0.156542
0.0,226,0.159759
0.0,69,0.160746
0.0,47,0.161429
0.0,39,0.161991
0.0,48,0.162683
0.0,74,0.163745
0.0,135,0.165671
0.0,69,0.166658
0.0,42,0.167375
0.0,36,0.167922
0.0,39,0.168473
0.0,109,0.17001
0.0,4,0.170084
0.0,125,0.171842
0.0,17,0.172096
0.0,2,0.172136
0.0,28,0.172532
0.0,19,0.172811
0.0,92,0.174096
0.0,11,0.174256
0.0,9,0.174392
0.0,10,0.174539
0.0,139,0.176451
0.0,44,0.177074
0.0,30,0.177499
0.0,125,0.179277
0.0,8,0.179403
0.0,66,0.18032
0.0,19,0.180594
0.0,5,0.180673
0.0,100,0.182066
0.0,34,0.182543
0.0,34,0.183012
0.0,9,0.183147
0.0,58,0.183956
0.0,53,0.184698
0.0,131,0.186532
0.0,8,0.186665
0.0,6,0.186765
0.0,143,0.188759
0.0,108,0.190283
0.0,25,0.190642
0.0,27,0.191025
0.0,54,0.191777
0.0,67,0.192727
0.0,108,0.194239
0.0,11,0.194403
0.0,15,0.194632
0.0,84,0.195801
0.0,50,0.196496
0.0,44,0.197113
0.0,62,0.197979
0.0,91,0.199252
0.0,90,0.200489
0.0,137,0.202378
0.0,17,0.20263
0.0,43,0.203236
0.0,113,0.204797
0.0,39,0.205349
0.0,4,0.205416
0.0,5,0.205496
0.0,166,0.207831
0.0,159,0.210061
0.0,134,0.211902
0.0,77,0.212984
0.0,25,0.213343
0.0,50,0.214044
0.0,20,0.214333
0.0,25,0.214688
0.0,62,0.21554
0.0,38,0.216086
0.0,9,0.216221
0.0,85,0.217401
0.0,16,0.217636
0.0,23,0.217963
0.0,80,0.219094
0.0,14,0.219299
0.0,162,0.221543
0.0,30,0.22198
0.0,18,0.222239
0.0,5,0.22232
0.0,192,0.224978
0.0,143,0.226975
0.0,30,0.227406
1.0,102,0.22882
0.0,9,0.228957
0.0,56,0.229741
0.0,77,0.230811
0.0,100,0.232197
0.0,46,0.232842
0.0,50,0.233538
0.0,89,0.234768
0.0,41,0.235344
0.0,13,0.235533
0.0,82,0.236675
0.0,203,0.239463
0.0,81,0.240601
0.0,69,0.241572
0.0,38,0.242109
0.0,50,0.242817
0.0,16,0.243048
0.0,149,0.245126
1.0,80,0.246256
0.0,78,0.247343
0.0,34,0.247824
0.0,43,0.248425
0.0,28,0.248823
0.0,84,0.249985
0.0,14,0.250189
0.0,92,0.25146
0.0,7,0.251572
0.0,51,0.252287
0.0,32,0.252734
0.0,169,0.255066
0.0,128,0.256876
0.0,33,0.257374
0.0,208,0.260265
0.0,68,0.26122
0.0,64,0.262113
0.0,19,0.262386
0.0,49,0.263074
0.0,14,0.26328
0.0,75,0.264322
0.0,36,0.264823
0.0,144,0.266839
0.0,53,0.267583
0.0,114,0.269187
0.0,51,0.269907
0.0,158,0.272103
0.0,18,0.272369
0.0,17,0.272618
0.0,20,0.272909
0.0,24,0.273257
0.0,91,0.274521
0.0,50,0.275218
1.0,82,0.276367
1.0,32,0.276816
0.0,22,0.277122
0.0,6,0.277215
0.0,41,0.277787
0.0,52,0.278517
0.0,20,0.278802
0.0,9,0.278937
0.0,9,0.279068
0.0,24,0.279406
0.0,21,0.279709
0.0,49,0.280385
0.0,60,0.28122
0.0,108,0.282716
0.0,49,0.2834
0.0,45,0.284028
0.0,31,0.284467
0.0,115,0.286069
0.0,11,0.286231
0.0,9,0.286369
0.0,62,0.287232
0.0,3,0.287285
0.0,100,0.288674
0.0,114,0.290243
0.0,87,0.291449
0.0,28,0.292197
0.0,74,0.293235
0.0,22,0.293548
0.0,61,0.294396
0.0,143,0.296386
0.0,31,0.296825
0.0,6,0.29692
0.0,142,0.298906
0.0,6,0.299003
0.0,27,0.299391
0.0,38,0.299928
0.0,40,0.300503
0.0,66,0.301425
0.0,15,0.30164
0.0,79,0.302753
0.0,65,0.30366
0.0,43,0.304271
0.0,54,0.305038
0.0,16,0.30527
0.0,36,0.305783
0.0,37,0.306324
0.0,90,0.307561
0.0,98,0.308922
0.0,7,0.309031
0.0,36,0.309533
0.0,256,0.31307
0.0,65,0.313985
0.0,226,0.31714
0.0,21,0.317447
0.0,99,0.318834
0.0,35,0.319323
0.0,28,0.319715
0.0,44,0.320336
0.0,93,0.321635
0.0,38,0.322167
0.0,43,0.322767
0.0,126,0.324506
0.0,26,0.324881
0.0,248,0.328328
0.0,198,0.331124
0.0,32,0.331586
0.0,41,0.332162
0.0,51,0.332881
0.0,37,0.333406
0.0,44,0.334034
0.0,27,0.334415
0.0,18,0.33468
0.0,117,0.336322
0.0,59,0.337158
0.0,96,0.338503
0.0,23,0.338825
0.0,71,0.33981
0.0,68,0.340753
1.0,277,0.344611
0.0,19,0.344891
0.0,107,0.346392
0.0,50,0.347102
0.0,111,0.348656
0.0,7,0.348763
0.0,40,0.349326
0.0,27,0.349707
0.0,29,0.350121
0.0,28,0.350515
0.0,80,0.351624
0.0,19,0.351896
0.0,149,0.353963
0.0,56,0.354751
0.0,42,0.35534
0.0,3,0.355393
0.0,32,0.35585
0.0,93,0.357139
0.0,35,0.357632
0.0,134,0.359466
0.0,66,0.360386
0.0,35,0.360875
0.0,5,0.360957
0.0,20,0.361243
0.0,39,0.361787
0.0,6,0.361881
0.0,107,0.363355
0.0,201,0.366248
0.0,31,0.366692
0.0,5,0.366773
0.0,69,0.367741
0.0,53,0.368482
0.0,74,0.369518
0.0,38,0.370051
0.0,45,0.370683
0.0,9,0.370818
0.0,140,0.372775
0.0,55,0.373554
0.0,56,0.374345
0.0,52,0.375081
0.0,17,0.37533
0.0,22,0.375669
0.0,19,0.375948
0.0,4,0.376014
0.0,19,0.37629
0.0,7,0.376397
0.0,108,0.377895
0.0,50,0.378601
0.0,78,0.37968
0.0,46,0.380321
0.0,23,0.38065
0.0,4,0.380716
0.0,25,0.381076
0.0,92,0.38233
0.0,30,0.382754
0.0,10,0.382902
1.0,128,0.384656
0.0,37,0.385188
0.0,6,0.385283
0.0,151,0.387391
0.0,35,0.387888
1.0,53,0.388638
0.0,42,0.389231
0.0,60,0.390074
0.0,30,0.390503
0.0,10,0.390649
0.0,16,0.390881
0.0,34,0.391363
0.0,82,0.392515
0.0,28,0.392911
0.0,220,0.395948
0.0,96,0.397297
0.0,14,0.397502
0.0,19,0.39778
0.0,36,0.398283
0.0,247,0.401693
0.0,37,0.402216
0.0,83,0.403378
0.0,174,0.405796
0.0,34,0.406283
0.0,30,0.406723
0.0,86,0.407964
0.0,65,0.40888
0.0,76,0.409945
0.0,101,0.41136
0.0,9,0.411496
0.0,12,0.411674
0.0,17,0.411922
0.0,182,0.414433
0.0,24,0.414775
0.0,3,0.414827
0.0,111,0.416371
0.0,74,0.417397
0.0,78,0.418493
0.0,38,0.419031
0.0,14,0.419237
0.0,5,0.419318
0.0,5,0.419397
0.0,10,0.419546
0.0,179,0.422029
0.0,107,0.423527
0.0,84,0.424693
0.0,102,0.426126
0.0,23,0.426459
0.0,120,0.428142
0.0,15,0.428358
0.0,118,0.430003
0.0,22,0.430318
0.0,46,0.430965
0.0,197,0.433769
0.0,160,0.435987
0.0,33,0.436454
0.0,68,0.437402
0.0,62,0.438268
0.0,14,0.438472
0.0,58,0.439281
0.0,45,0.43991
0.0,134,0.441787
0.0,65,0.442698
0.0,108,0.444203
0.0,74,0.445235
0.0,9,0.445372
0.0,29,0.445783
0.0,39,0.446338
0.0,37,0.446856
0.0,11,0.447017
0.0,24,0.447361
0.0,24,0.447701
0.0,172,0.450059
0.0,30,0.450484
0.0,21,0.450783
0.0,109,0.452301
0.0,15,0.45252
0.0,17,0.452762
0.0,103,0.454194
0.0,26,0.454562
0.0,36,0.455069
0.0,104,0.456503
0.0,194,0.459189
0.0,13,0.459385
0.0,26,0.459756
0.0,87,0.460974
0.0,10,0.461126
0.0,18,0.461382
0.0,90,0.462629
0.0,55,0.463396
0.0,13,0.463588
0.0,306,0.467807
0.0,29,0.468231
0.0,19,0.468518
0.0,14,0.468731
0.0,40,0.469299
0.0,140,0.471273
0.0,204,0.474102
0.0,44,0.474727
0.0,63,0.475625
0.0,29,0.476041
0.0,84,0.477207
1.0,151,0.4793
0.0,50,0.479999
0.0,203,0.482816
0.0,33,0.483284
1.0,45,0.483923
0.0,34,0.484404
0.0,33,0.484865
0.0,10,0.485015
0.0,86,0.486203
0.0,113,0.487759
0.0,10,0.487907
0.0,48,0.48858
0.0,6,0.488673
0.0,23,0.489003
0.0,88,0.490248
0.0,76,0.49129
0.0,45,0.491919
0.0,194,0.494584
0.0,12,0.494766
0.0,21,0.495067
0.0,43,0.495673
0.0,40,0.496243
0.0,107,0.497744
0.0,16,0.497984
0.0,22,0.498298
0.0,121,0.499981
0.0,22,0.500296
0.0,11,0.500457
0.0,80,0.501574
0.0,51,0.502292
0.0,7,0.502402
0.0,32,0.502856
0.0,75,0.503905
0.0,46,0.504557
0.0,9,0.504692
0.0,9,0.504827
0.0,18,0.505085
0.0,150,0.50717
0.0,28,0.507567
0.0,35,0.508067
0.0,205,0.510906
1.0,251,0.514401
0.0,143,0.516402
0.0,77,0.517471
0.0,25,0.517825
0.0,10,0.517974
0.0,49,0.518672
0.0,28,0.519068
0.0,19,0.519337
0.0,103,0.520778
0.0,10,0.52093
0.0,8,0.521049
0.0,15,0.521265
0.0,3,0.521317
0.0,3,0.521369
0.0,139,0.523291
0.0,14,0.523495
0.0,12,0.52367
0.0,18,0.523926
0.0,109,0.525451
0.0,20,0.525744
0.0,3,0.525802
0.0,29,0.526204
0.0,49,0.526882
0.0,87,0.528074
0.0,258,0.531611
0.0,9,0.531749
0.0,12,0.531925
0.0,70,0.532905
1.0,161,0.535151
0.0,17,0.5354
0.0,128,0.537193
0.0,42,0.537781
0.0,87,0.538988
0.0,52,0.539725
0.0,21,0.540027
0.0,2,0.540074
0.0,47,0.540722
0.0,7,0.540838
0.0,102,0.542259
0.0,10,0.542411
0.0,445,0.54852
0.0,29,0.548936
0.0,27,0.549325
0.0,7,0.549433
0.0,146,0.551469
0.0,136,0.553356
0.0,175,0.555772
0.0,43,0.556375
0.0,59,0.557194
0.0,55,0.557971
0.0,153,0.560103
0.0,24,0.560454
0.0,32,0.560908
0.0,186,0.563508
0.0,24,0.563854
0.0,156,0.566036
0.0,49,0.566721
0.0,36,0.567232
0.0,74,0.568258
0.0,51,0.568973
0.0,52,0.569711
0.0,125,0.571458
0.0,11,0.571622
0.0,46,0.572342
0.0,119,0.574007
0.0,29,0.57442
0.0,95,0.575761
0.0,4,0.575836
0.0,21,0.576132
0.0,177,0.57858
0.0,35,0.579074
0.0,80,0.580194
0.0,91,0.581455
0.0,14,0.581672
0.0,117,0.583309
0.0,59,0.58414
0.0,69,0.585102
0.0,61,0.585961
0.0,138,0.587879
0.0,11,0.588044
0.0,130,0.589853
0.0,75,0.59089
0.0,4,0.590956
0.0,44,0.591576
0.0,126,0.593317
0.0,74,0.594351
0.0,106,0.595816
0.0,19,0.596089
0.0,35,0.596588
0.0,53,0.597341
0.0,62,0.598215
0.0,45,0.598848
0.0,55,0.59961
1.0,127,0.601362
0.0,30,0.601787
0.0,14,0.601993
0.0,48,0.602667
0.0,82,0.603806
0.0,63,0.604679
0.0,151,0.60677
0.0,54,0.60753
0.0,5,0.607609
0.0,16,0.607846
0.0,172,0.610256
0.0,145,0.612279
0.0,14,0.612485
0.0,24,0.612827
0.0,97,0.614183
0.0,67,0.615116
0.0,213,0.618056
0.0,14,0.618264
0.0,19,0.618538
0.0,7,0.618646
0.0,51,0.619363
0.0,42,0.619952
0.0,133,0.621806
0.0,73,0.622826
0.0,9,0.622962
0.0,23,0.623299
0.0,23,0.623628
0.0,45,0.624264
0.0,21,0.624565
0.0,8,0.624686
0.0,39,0.625231
0.0,31,0.625677
0.0,151,0.627745
0.0,35,0.628245
0.0,3,0.628298
0.0,17,0.628543
0.0,30,0.628966
0.0,60,0.629817
0.0,24,0.630159
0.0,70,0.631131
0.0,30,0.631559
0.0,26,0.631932
0.0,114,0.63351
0.0,103,0.634959
0.0,99,0.636336
0.0,45,0.636959
0.0,11,0.637125
0.0,52,0.637844
0.0,76,0.638925
0.0,73,0.63997
0.0,87,0.641183
0.0,35,0.641673
0.0,11,0.641835
0.0,61,0.642675
0.0,129,0.644456
0.0,19,0.644728
0.0,66,0.645648
0.0,3,0.645704
0.0,95,0.647035
0.0,25,0.647393
0.0,16,0.64763
0.0,87,0.648837
0.0,16,0.64907
0.0,16,0.649303
0.0,108,0.650812
0.0,95,0.652129
0.0,77,0.653204
0.0,11,0.653368
0.0,7,0.653474
0.0,17,0.653717
0.0,8,0.653836
0.0,14,0.654037
0.0,12,0.654214
0.0,26,0.654581
0.0,15,0.654796
0.0,136,0.656684
0.0,52,0.657422
0.0,46,0.658068
0.0,120,0.659741
0.0,126,0.661502
0.0,103,0.662931
0.0,3,0.662983
0.0,17,0.663225
0.0,46,0.66387
0.0,23,0.664199
0.0,33,0.664661
0.0,31,0.665099
0.0,53,0.665842
0.0,178,0.668304
0.0,72,0.669317
0.0,52,0.670045
0.0,26,0.670416
0.0,65,0.671323
0.0,20,0.671611
0.0,31,0.67205
0.0,44,0.672673
0.0,88,0.673902
0.0,5,0.673981
0.0,12,0.674159
0.0,16,0.67439
0.0,75,0.675438
0.0,55,0.676211
0.0,54,0.676974
0.0,3,0.677028
0.0,15,0.677247
0.0,55,0.678021
0.0,53,0.67877
0.0,54,0.679523
1.0,52,0.680264
0.0,73,0.681276
0.0,11,0.681435
0.0,65,0.682332
0.0,179,0.684795
0.0,55,0.685577
0.0,7,0.685684
0.0,28,0.686083
0.0,32,0.686532
0.0,47,0.687189
0.0,115,0.688779
0.0,52,0.6895
0.0,63,0.6904
0.0,5,0.69048
0.0,7,0.69059
0.0,71,0.691606
0.0,63,0.692484
0.0,4,0.692559
0.0,34,0.693033
0.0,12,0.693205
0.0,17,0.693453
0.0,7,0.69356
0.0,156,0.695734
0.0,151,0.697827
0.0,93,0.699126
0.0,205,0.701953
0.0,381,0.707216
0.0,15,0.707439
0.0,94,0.708753
0.0,72,0.709756
0.0,44,0.710375
0.0,37,0.710892
0.0,61,0.711746
0.0,43,0.712351
0.0,55,0.713201
0.0,98,0.714555
0.0,20,0.714838
0.0,55,0.715607
1.0,132,0.717439
0.0,146,0.719469
0.0,52,0.720207
0.0,70,0.721178
0.0,51,0.721891
0.0,10,0.722037
0.0,88,0.72327
0.0,57,0.724066
0.0,69,0.725025
0.0,90,0.726281
0.0,77,0.727358
0.0,90,0.728613
0.0,45,0.729252
0.0,63,0.73013
0.0,66,0.731053
0.0,4,0.731118
0.0,69,0.732082
0.0,41,0.732655
0.0,106,0.734129
0.0,6,0.734224
0.0,6,0.734317
0.0,62,0.735178
0.0,26,0.735548
0.0,51,0.736258
0.0,34,0.73674
0.0,81,0.73786
0.0,38,0.738385
0.0,46,0.739029
0.0,78,0.740117
0.0,37,0.74064
0.0,60,0.74147
0.0,17,0.741711
0.0,79,0.742806
0.0,13,0.742993
1.0,162,0.745222
0.0,63,0.746109
0.0,35,0.746604
0.0,39,0.747159
0.0,36,0.747663
0.0,38,0.748193
0.0,158,0.750386
1.0,75,0.751441
0.0,208,0.754314
0.0,7,0.754425
0.0,85,0.75561
0.0,14,0.755818
0.0,9,0.755954
0.0,80,0.757064
0.0,18,0.757329
0.0,13,0.757516
0.0,52,0.75825
0.0,154,0.760419
0.0,32,0.760893
0.0,87,0.762098
0.0,38,0.762638
0.0,43,0.763251
0.0,103,0.764667
0.0,10,0.76482
1.0,103,0.766247
0.0,13,0.766438
0.0,29,0.766847
0.0,121,0.76852
0.0,12,0.7687
0.0,75,0.769741
0.0,10,0.769916
0.0,7,0.770025
0.0,11,0.770188
0.0,9,0.770322
0.0,19,0.770598
0.0,14,0.7708
0.0,12,0.770974
1.0,28,0.771373
0.0,12,0.771545
0.0,21,0.771847
0.0,54,0.772601
0.0,4,0.772667
0.0,10,0.772827
0.0,24,0.773185
0.0,61,0.774046
0.0,45,0.774677
0.0,82,0.775814
0.0,36,0.776331
0.0,162,0.77856
0.0,107,0.780058
0.0,68,0.78101
0.0,36,0.781525
0.0,23,0.781852
0.0,18,0.782124
1.0,24,0.782468
0.0,61,0.783314
0.0,64,0.784197
0.0,28,0.784593
0.0,122,0.786279
0.0,43,0.786889
0.0,17,0.787137
0.0,19,0.787413
0.0,132,0.789235
0.0,44,0.789854
0.0,58,0.790665
0.0,11,0.790829
0.0,13,0.791021
0.0,91,0.792287
0.0,8,0.792411
0.0,124,0.794132
0.0,69,0.795104
0.0,5,0.795185
0.0,125,0.796917
0.0,49,0.797616
0.0,76,0.798672
0.0,32,0.799131
1.0,29,0.799539
0.0,48,0.800207
0.0,84,0.801374
0.0,17,0.801621
0.0,34,0.802094
0.0,36,0.802599
0.0,42,0.803185
0.0,94,0.804494
1.0,60,0.805321
0.0,5,0.805401
0.0,59,0.806219
0.0,172,0.808582
0.0,17,0.808829
0.0,49,0.809521
0.0,67,0.810454
0.0,5,0.810535
0.0,26,0.810901
0.0,136,0.81277
0.0,31,0.81321
0.0,84,0.814391
0.0,161,0.816642
0.0,5,0.816725
0.0,81,0.817854
0.0,46,0.818506
1.0,43,0.819101
0.0,4,0.819167
0.0,30,0.819593
0.0,7,0.819699
0.0,8,0.819818
0.0,41,0.82039
0.0,177,0.822823
0.0,110,0.82443
0.0,38,0.824969
0.0,98,0.826352
0.0,83,0.827509
0.0,8,0.827632
0.0,71,0.828627
0.0,7,0.828735
0.0,97,0.83009
0.0,119,0.831748
0.0,70,0.83273
0.0,21,0.833034
0.0,50,0.833745
0.0,35,0.834247
0.0,33,0.834708
0.0,197,0.837458
0.0,129,0.839255
1.0,150,0.841344
0.0,157,0.843495
0.0,9,0.843631
0.0,39,0.844184
0.0,42,0.844776
0.0,9,0.84491
0.0,56,0.845696
0.0,50,0.8464
0.0,73,0.847424
0.0,7,0.847531
0.0,61,0.848379
0.0,18,0.848639
0.0,6,0.848733
0.0,10,0.848876
0.0,62,0.849736
0.0,10,0.849882
0.0,13,0.850068
0.0,144,0.852049
1.0,40,0.852689
0.0,52,0.853425
0.0,141,0.855378
1.0,43,0.856001
0.0,13,0.856193
0.0,8,0.856314
0.0,75,0.857374
0.0,108,0.858898
0.0,73,0.859919
0.0,21,0.860221
0.0,12,0.8604
0.0,139,0.862304
0.0,10,0.862453
0.0,135,0.864349
0.0,15,0.864571
0.0,203,0.867406
0.0,242,0.870785
1.0,67,0.871736
0.0,3,0.87179
0.0,62,0.872656
0.0,33,0.873125
0.0,31,0.873569
0.0,16,0.873801
0.0,23,0.874132
0.0,84,0.87531
0.0,10,0.875463
0.0,10,0.875611
0.0,11,0.87578
0.0,32,0.876229
0.0,10,0.87638
0.0,120,0.878059
0.0,113,0.87965
1.0,27,0.880039
0.0,17,0.880286
0.0,75,0.881332
0.0,82,0.882491
0.0,32,0.882947
0.0,37,0.883471
0.0,32,0.883923
0.0,24,0.884267
0.0,51,0.884979
0.0,53,0.885724
0.0,115,0.887321
0.0,140,0.889308
1.0,59,0.89015
0.0,31,0.89059
0.0,36,0.891094
0.0,59,0.891947
0.0,55,0.892712
0.0,72,0.893718
1.0,143,0.895712
0.0,11,0.895878
0.0,10,0.896026
0.0,30,0.896453
0.0,125,0.898221
0.0,15,0.898439
0.0,82,0.899576
0.0,7,0.899685
0.0,61,0.900544
0.0,4,0.900608
0.0,40,0.90117
0.0,61,0.902105
1.0,69,0.90328
0.0,3,0.903334
0.0,31,0.90384
0.0,12,0.904045
0.0,69,0.904999
0.0,50,0.905692
0.0,77,0.906802
1.0,51,0.907514
0.0,49,0.908201
0.0,63,0.909079
0.0,49,0.909756
0.0,47,0.910418
0.0,58,0.911232
0.0,31,0.911667
0.0,28,0.91206
0.0,83,0.913219
0.0,53,0.91396
0.0,13,0.914151
0.0,26,0.914515
0.0,15,0.914731
0.0,12,0.914907
0.0,13,0.915094
0.0,13,0.915286
0.0,35,0.915776
0.0,103,0.917212
0.0,5,0.91729
0.0,32,0.917746
0.0,194,0.920451
0.0,59,0.921282
0.0,206,0.924173
0.0,14,0.924382
0.0,7,0.92449
0.0,15,0.92471
0.0,130,0.926541
0.0,32,0.926997
0.0,60,0.927832
0.0,28,0.928229
0.0,14,0.928436
0.0,58,0.929244
0.0,26,0.929619
0.0,70,0.930611
0.0,26,0.930981
0.0,7,0.931088
0.0,61,0.931949
0.0,53,0.932709
0.0,66,0.933643
0.0,32,0.934105
0.0,42,0.934696
0.0,57,0.935499
0.0,18,0.935768
0.0,61,0.936628
0.0,123,0.938355
0.0,56,0.939148
0.0,59,0.939984
0.0,88,0.941211
0.0,24,0.941556
0.0,77,0.942624
0.0,62,0.943481
0.0,162,0.945701
0.0,50,0.946408
0.0,67,0.947347
0.0,49,0.948037
0.0,255,0.951564
0.0,6,0.951661
0.0,399,0.957205
0.0,17,0.957483
0.0,79,0.958595
0.0,53,0.959335
1.0,110,0.960866
0.0,30,0.961296
0.0,100,0.962688
0.0,20,0.962976
0.0,46,0.963619
0.0,68,0.964574
0.0,50,0.965273
0.0,10,0.965422
0.0,90,0.966678
0.0,43,0.967284
0.0,43,0.967894
0.0,427,0.973798
0.0,22,0.974116
0.0,59,0.974938
0.0,220,0.978004
0.0,206,0.980862
0.0,80,0.981979
0.0,13,0.98217
0.0,164,0.984471
0.0,53,0.985219
0.0,37,0.985754
0.0,17,0.986003
0.0,14,0.986207
0.0,95,0.987546
0.0,78,0.988639
0.0,26,0.989012
0.0,128,0.99079
0.0,9,0.990927
0.0,62,0.991802
0.0,43,0.992407
0.0,13,0.992596
0.0,49,0.993285
0.0,141,0.995312
0.0,54,0.996074
0.0,18,0.996333
0.0,139,0.998252
0.0,22,0.998572
0.0,40,0.999142
0.0,3,0.999196
0.0,22,0.999508
0.0,64,1.000408
1.0,51,1.001132
1.0,28,1.001536
0.0,49,1.002229
0.0,20,1.002514
0.0,4,1.002581
0.0,74,1.003617
0.0,11,1.003781
0.0,92,1.005056
0.0,162,1.007307
0.0,14,1.007516
0.0,50,1.008217
0.0,23,1.008548
0.0,12,1.008725
0.0,4,1.008793
0.0,168,1.011142
0.0,214,1.014134
0.0,7,1.014245
0.0,54,1.015
1.0,143,1.017008
0.0,62,1.017876
0.0,19,1.01815
0.0,66,1.019081
0.0,15,1.019303
0.0,73,1.020334
0.0,164,1.022623
0.0,36,1.023137
0.0,27,1.023523
0.0,14,1.023728
0.0,18,1.023988
0.0,251,1.027472
0.0,21,1.027776
1.0,320,1.032282
0.0,4,1.032357
0.0,10,1.032509
0.0,7,1.032617
0.0,21,1.032932
0.0,44,1.033557
0.0,25,1.033916
1.0,96,1.035272
0.0,29,1.035683
1.0,102,1.037129
0.0,126,1.038901
1.0,100,1.040322
1.0,57,1.041132
1.0,139,1.043081
0.0,29,1.043495
0.0,25,1.043854
0.0,10,1.044001
0.0,140,1.045945
0.0,94,1.047285
0.0,3,1.047339
0.0,108,1.048845
0.0,190,1.051502
0.0,68,1.052453
0.0,23,1.052783
0.0,7,1.052892
0.0,4,1.05296
0.0,9,1.053096
0.0,38,1.053635
0.0,48,1.054309
0.0,24,1.054654
0.0,8,1.054781
0.0,15,1.055004
0.0,91,1.056313
0.0,62,1.057187
0.0,7,1.057294
0.0,8,1.057415
0.0,9,1.057553
0.0,7,1.057661
0.0,10,1.057807
0.0,39,1.058354
0.0,24,1.058697
0.0,32,1.059149
0.0,30,1.059574
0.0,9,1.059708
0.0,5,1.059789
0.0,11,1.059953
0.0,3,1.060003
0.0,7,1.06011
0.0,7,1.060219
0.0,49,1.060907
0.0,3,1.060958
0.0,11,1.061116
0.0,33,1.061588
0.0,38,1.062122
0.0,6,1.062219
0.0,4,1.062285
0.0,4,1.062352
0.0,53,1.063091
0.0,52,1.063817
0.0,128,1.065606
1.0,110,1.067156
0.0,101,1.068559
0.0,107,1.070044
0.0,38,1.070584
0.0,14,1.070791
0.0,105,1.07226
0.0,13,1.072455
0.0,84,1.073633
0.0,41,1.074213
0.0,89,1.075465
0.0,92,1.076758
0.0,71,1.077761
0.0,38,1.078302
0.0,29,1.078716
0.0,127,1.080476
0.0,72,1.081486
1.0,41,1.082069
0.0,37,1.082599
1.0,123,1.084335
0.0,38,1.084875
0.0,185,1.087436
0.0,9,1.087575
0.0,30,1.088002
0.0,115,1.089628
0.0,128,1.091416
0.0,34,1.091897
0.0,68,1.092845
0.0,36,1.093357
0.0,29,1.093767
0.0,133,1.095616
0.0,47,1.096292
0.0,65,1.097214
0.0,139,1.099154
0.0,43,1.099761
0.0,15,1.099988
0.0,5,1.100071
0.0,8,1.100195
0.0,35,1.100692
0.0,9,1.100827
0.0,153,1.102955
0.0,5,1.103036
0.0,132,1.104878
0.0,52,1.105606
0.0,58,1.106423
0.0,33,1.106903
0.0,88,1.108182
0.0,59,1.109013
0.0,138,1.110934
0.0,98,1.112296
0.0,31,1.11274
0.0,40,1.113299
0.0,20,1.113586
0.0,5,1.113665
0.0,12,1.113842
0.0,31,1.114277
0.0,25,1.11463
0.0,15,1.114849
0.0,45,1.115483
0.0,193,1.118157
0.0,10,1.118309
0.0,43,1.118912
0.0,12,1.119091
0.0,42,1.11968
0.0,153,1.121809
0.0,150,1.12391
0.0,50,1.124617
0.0,20,1.124904
0.0,26,1.125276
0.0,150,1.127361
0.0,23,1.12769
0.0,41,1.128274
0.0,17,1.128521
1.0,100,1.129915
0.0,5,1.129997
0.0,7,1.130104
0.0,187,1.132675
0.0,5,1.132756
0.0,5,1.132837
0.0,5,1.132919
0.0,30,1.133351
0.0,459,1.139747
0.0,60,1.140593
0.0,108,1.142098
0.0,26,1.142469
0.0,24,1.142809
0.0,62,1.143681
0.0,176,1.146124
0.0,12,1.146299
0.0,8,1.14642
0.0,13,1.146607
0.0,4,1.146674
0.0,2,1.146713
0.0,45,1.147342
0.0,24,1.147684
0.0,61,1.148541
0.0,55,1.149309
0.0,64,1.150206
0.0,253,1.153731
0.0,3,1.153785
0.0,55,1.15456
0.0,22,1.154877
0.0,67,1.155811
0.0,15,1.156032
0.0,44,1.15665
0.0,15,1.156865
0.0,18,1.157123
1.0,61,1.15798
0.0,36,1.158493
0.0,16,1.158725
0.0,304,1.163019
0.0,84,1.164192
0.0,16,1.164426
0.0,61,1.165308
0.0,12,1.165482
0.0,179,1.167988
0.0,33,1.168457
0.0,94,1.169787
0.0,18,1.170054
0.0,108,1.171554
0.0,5,1.171637
0.0,11,1.171805
0.0,114,1.173429
0.0,18,1.173689
0.0,163,1.175972
0.0,102,1.177428
0.0,29,1.17784
0.0,73,1.178876
0.0,10,1.179034
0.0,120,1.18071
0.0,75,1.181784
0.0,17,1.182031
0.0,81,1.183169
0.0,183,1.185716
0.0,221,1.188811
1.0,135,1.19072
0.0,18,1.190983
0.0,14,1.191189
0.0,53,1.191936
0.0,130,1.19376
0.0,6,1.193855
0.0,15,1.194077
1.0,129,1.195868
0.0,8,1.19599
0.0,8,1.196117
0.0,15,1.196336
0.0,3,1.196389
0.0,4,1.196455
0.0,60,1.197312
0.0,10,1.197464
0.0,12,1.197642
0.0,8,1.197765
0.0,12,1.197942
0.0,13,1.198133
0.0,24,1.198482
0.0,64,1.199383
0.0,11,1.199547
0.0,34,1.200025
0.0,8,1.200147
0.0,12,1.200323
0.0,10,1.200473
0.0,94,1.201787
0.0,4,1.201853
1.0,187,1.20446
0.0,8,1.204586
0.0,86,1.205814
0.0,12,1.205991
0.0,59,1.206821
0.0,38,1.207364
0.0,49,1.208057
0.0,32,1.208518
0.0,68,1.209479
0.0,36,1.209988
0.0,20,1.210269
0.0,16,1.210497
0.0,73,1.211521
0.0,88,1.212757
0.0,47,1.21342
0.0,69,1.214385
0.0,33,1.214857
0.0,41,1.215431
0.0,54,1.216202
0.0,51,1.216935
0.0,35,1.217437
1.0,55,1.218217
0.0,66,1.219146
0.0,290,1.223178
0.0,48,1.22386
0.0,38,1.224397
0.0,57,1.225197
0.0,53,1.22594
0.0,8,1.22606
0.0,75,1.227115
0.0,15,1.227332
0.0,8,1.227453
0.0,19,1.227724
0.0,33,1.228195
0.0,131,1.230042
0.0,11,1.230209
0.0,19,1.230483
1.0,172,1.232887
0.0,75,1.233942
0.0,225,1.237078
0.0,88,1.238312
0.0,9,1.23845
0.0,136,1.240356
0.0,48,1.241029
0.0,7,1.241141
0.0,55,1.241909
0.0,89,1.243142
0.0,14,1.243345
0.0,16,1.243578
0.0,64,1.244474
0.0,83,1.245632
0.0,67,1.246571
0.0,104,1.248013
0.0,29,1.248427
0.0,28,1.248825
0.0,5,1.248906
0.0,52,1.249642
0.0,129,1.251445
0.0,3,1.2515
1.0,108,1.253023
0.0,72,1.254046
0.0,36,1.254552
1.0,135,1.256438
0.0,16,1.256673
1.0,139,1.258631
0.0,11,1.258795
0.0,22,1.259114
0.0,19,1.25939
0.0,21,1.259693
0.0,27,1.260078
0.0,8,1.2602
0.0,78,1.26129
0.0,136,1.263179
0.0,66,1.264108
0.0,66,1.265038
1.0,22,1.26536
0.0,108,1.266878
0.0,24,1.267226
0.0,12,1.267407
0.0,6,1.267503
0.0,136,1.26942
0.0,19,1.2697
0.0,58,1.270512
0.0,73,1.271542
0.0,14,1.271743
0.0,60,1.272577
0.0,10,1.27273
0.0,28,1.273134
0.0,9,1.273273
0.0,20,1.273559
0.0,39,1.274109
0.0,7,1.274219
0.0,42,1.274812
0.0,40,1.275373
0.0,43,1.276069
0.0,17,1.276318
0.0,53,1.277077
0.0,38,1.277616
0.0,43,1.278225
0.0,98,1.279583
0.0,25,1.279938
0.0,237,1.283208
0.0,42,1.283809
0.0,141,1.285782
0.0,75,1.286836
0.0,254,1.290385
0.0,35,1.290884
0.0,36,1.291404
0.0,29,1.291819
0.0,8,1.291942
0.0,143,1.293937
0.0,20,1.294227
0.0,98,1.29561
0.0,93,1.296925
0.0,3,1.296979
0.0,243,1.300352
0.0,36,1.300863
0.0,61,1.30172
0.0,166,1.304051
0.0,9,1.304191
0.0,11,1.304358
0.0,91,1.305633
0.0,57,1.30643
0.0,14,1.306635
0.0,122,1.308365
0.0,21,1.3087
0.0,76,1.309761
0.0,14,1.309969
0.0,76,1.31104
0.0,22,1.311363
0.0,10,1.311521
0.0,145,1.313552
0.0,44,1.314176
0.0,130,1.315994
0.0,25,1.316352
0.0,58,1.317165
0.0,77,1.318238
0.0,19,1.318511
0.0,5,1.318593
0.0,25,1.31895
0.0,46,1.319596
1.0,84,1.32078
0.0,9,1.320916
0.0,73,1.321943
0.0,21,1.32224
0.0,48,1.322914
0.0,38,1.323448
0.0,17,1.323691
0.0,17,1.323937
0.0,85,1.32512
0.0,26,1.325485
1.0,158,1.327699
0.0,67,1.328637
0.0,49,1.329331
0.0,41,1.329911
0.0,401,1.33543
0.0,69,1.336406
0.0,72,1.337414
1.0,113,1.339008
0.0,35,1.339518
0.0,90,1.340797
0.0,31,1.34124
0.0,27,1.341627
0.0,31,1.342069
0.0,66,1.342984
0.0,115,1.344593
0.0,133,1.346445
1.0,132,1.348289
0.0,13,1.348481
0.0,56,1.349261
0.0,124,1.350989
0.0,65,1.351906
0.0,10,1.35206
0.0,31,1.352508
0.0,111,1.354054
0.0,43,1.354656
0.0,65,1.35557
0.0,140,1.357536
0.0,100,1.358948
0.0,41,1.359524
1.0,118,1.361172
0.0,47,1.361839
0.0,44,1.362476
0.0,29,1.362885
0.0,6,1.362984
0.0,330,1.367553
0.0,27,1.367942
0.0,205,1.370819
0.0,23,1.371152
0.0,47,1.371815
0.0,128,1.373616
0.0,149,1.375687
0.0,105,1.377169
0.0,129,1.378975
0.0,147,1.381016
0.0,17,1.381265
0.0,11,1.381429
0.0,8,1.381553
1.0,183,1.384112
0.0,7,1.384223
0.0,14,1.384428
0.0,20,1.384714
0.0,16,1.384949
0.0,55,1.385736
0.0,100,1.387138
0.0,43,1.387758
1.0,85,1.390142
0.0,167,1.395072
0.0,145,1.397216
1.0,68,1.398228
0.0,49,1.39896
0.0,26,1.399353
0.0,111,1.400948
0.0,25,1.401319
0.0,71,1.402318
0.0,109,1.403853
0.0,4,1.403923
0.0,16,1.404161
0.0,70,1.405153
0.0,15,1.405375
0.0,37,1.405907
0.0,239,1.409209
0.0,131,1.411051
0.0,15,1.411273
0.0,130,1.413082
0.0,45,1.41372
0.0,43,1.414326
0.0,35,1.414822
0.0,201,1.417611
0.0,40,1.41818
0.0,24,1.418525
0.0,58,1.419343
0.0,287,1.423491
