#{"t_start": 1711484144.39066, "env_id": "Office-v0"}
r,l,t
0.0,84,0.017053
0.0,8,0.018574
0.0,4,0.019314
0.0,34,0.025379
0.0,22,0.029321
0.0,15,0.03198
0.0,36,0.038252
0.0,38,0.044791
0.0,37,0.05104
0.0,34,0.056855
0.0,23,0.060844
0.0,43,0.068226
0.0,157,0.094994
0.0,17,0.097948
0.0,50,0.106544
0.0,9,0.108092
0.0,43,0.115488
0.0,13,0.117771
0.0,98,0.134294
0.0,26,0.13875
0.0,118,0.15862
0.0,31,0.16396
0.0,95,0.180097
0.0,129,0.20209
0.0,56,0.211445
0.0,95,0.227604
0.0,22,0.231386
0.0,74,0.2442
0.0,93,0.260178
0.0,92,0.27606
0.0,96,0.292282
0.0,119,0.312728
0.0,69,0.324456
0.0,54,0.333694
0.0,321,0.387899
0.0,60,0.398186
1.0,234,0.438306
0.0,357,0.499638
0.0,402,0.567425
0.0,89,0.582601
0.0,253,0.625862
0.0,39,0.632539
0.0,25,0.636832
0.0,8,0.638207
0.0,18,0.641255
0.0,328,0.696958
0.0,505,0.782975
0.0,113,0.802379
0.0,27,0.807005
0.0,12,0.809084
0.0,7,0.810292
0.0,488,0.893525
0.0,30,0.898717
0.0,172,0.928014
0.0,109,0.946281
0.0,39,0.952996
0.0,75,0.965742
0.0,496,1.051212
0.0,17,1.054178
0.0,44,1.06171
0.0,43,1.068494
0.0,132,1.091151
0.0,105,1.108912
1.0,32,1.114401
0.0,27,1.119086
0.0,114,1.13883
0.0,273,1.184968
0.0,41,1.192002
0.0,183,1.222809
0.0,37,1.229193
0.0,52,1.237827
0.0,108,1.256357
0.0,46,1.26429
0.0,95,1.280655
0.0,235,1.320955
0.0,34,1.32674
0.0,228,1.365462
0.0,594,1.466839
0.0,87,1.481385
0.0,354,1.541982
0.0,146,1.566969
0.0,1071,1.760429
0.0,22,1.764622
0.0,11,1.766535
0.0,190,1.798884
0.0,74,1.8117
0.0,12,1.813806
0.0,67,1.825361
0.0,66,1.836684
0.0,112,1.856032
0.0,617,1.961528
0.0,242,2.003018
0.0,258,2.04694
0.0,29,2.051927
0.0,43,2.059427
0.0,49,2.067973
0.0,196,2.101567
0.0,105,2.119817
0.0,26,2.124336
0.0,167,2.153134
0.0,148,2.178471
0.0,5,2.179355
0.0,62,2.190044
0.0,160,2.217857
0.0,331,2.27435
0.0,28,2.279217
0.0,63,2.290094
0.0,541,2.382934
0.0,371,2.446751
0.0,241,2.488486
0.0,333,2.545187
0.0,20,2.548639
0.0,323,2.60387
0.0,59,2.614082
0.0,483,2.696697
0.0,201,2.731406
0.0,21,2.735047
0.0,37,2.741416
0.0,499,2.827688
0.0,379,2.893049
0.0,6,2.894116
0.0,371,2.957871
0.0,98,2.974235
0.0,62,2.985031
0.0,47,2.99307
0.0,222,3.031561
0.0,46,3.03954
0.0,67,3.051132
0.0,55,3.06067
0.0,27,3.065381
0.0,411,3.135989
0.0,688,3.254546
0.0,82,3.268649
0.0,283,3.316842
0.0,81,3.330699
1.0,49,3.339124
0.0,159,3.366312
1.0,412,3.4369
0.0,266,3.482356
1.0,52,3.491322
0.0,304,3.543816
0.0,164,3.572055
1.0,218,3.609387
1.0,143,3.634056
0.0,53,3.643102
1.0,336,3.700861
0.0,68,3.712516
1.0,71,3.724768
1.0,59,3.734937
0.0,339,3.792977
0.0,59,3.803105
1.0,82,3.817138
0.0,9,3.818705
0.0,13,3.820867
0.0,29,3.825916
1.0,56,3.835533
0.0,39,3.842315
0.0,50,3.850868
0.0,72,3.86333
1.0,28,3.868113
1.0,213,3.905152
0.0,22,3.90893
0.0,43,3.916343
0.0,76,3.929418
1.0,171,3.95881
0.0,4,3.959523
1.0,44,3.967099
1.0,17,3.970027
0.0,78,3.983496
0.0,82,3.997489
0.0,70,4.009584
1.0,38,4.016071
1.0,190,4.048781
1.0,177,4.07935
0.0,44,4.086851
0.0,2,4.0872
1.0,111,4.106318
1.0,97,4.122854
1.0,123,4.143754
1.0,11,4.145636
0.0,111,4.164652
0.0,2,4.165015
1.0,95,4.181389
0.0,4,4.182085
0.0,116,4.202089
0.0,32,4.207568
1.0,209,4.243158
0.0,13,4.245405
0.0,57,4.255225
0.0,72,4.267637
0.0,48,4.27567
0.0,2,4.276026
1.0,62,4.28671
1.0,81,4.300683
1.0,178,4.331289
1.0,11,4.333198
0.0,28,4.338039
1.0,121,4.358807
1.0,75,4.37164
1.0,11,4.373553
0.0,128,4.395547
0.0,133,4.418492
1.0,48,4.426795
1.0,11,4.4287
0.0,93,4.444665
1.0,78,4.45801
0.0,6,4.459069
1.0,11,4.460975
0.0,42,4.468211
0.0,20,4.471681
1.0,52,4.480643
0.0,7,4.481876
1.0,154,4.508481
1.0,98,4.5253
1.0,77,4.538528
0.0,2,4.538884
1.0,50,4.547433
0.0,34,4.553302
0.0,74,4.566327
1.0,12,4.568361
1.0,53,4.577465
0.0,41,4.584561
1.0,56,4.594269
1.0,11,4.59616
0.0,34,4.602028
1.0,92,4.617715
1.0,40,4.624567
1.0,11,4.626468
0.0,32,4.631941
0.0,5,4.632817
1.0,104,4.650619
1.0,12,4.652688
1.0,76,4.66585
0.0,52,4.674858
0.0,24,4.679049
1.0,16,4.681788
0.0,54,4.691096
0.0,16,4.693916
1.0,40,4.700907
1.0,11,4.702802
1.0,97,4.719607
0.0,86,4.734354
1.0,60,4.74467
1.0,11,4.746578
1.0,99,4.763601
0.0,38,4.770219
0.0,10,4.771963
0.0,9,4.773541
1.0,144,4.798304
1.0,47,4.806389
1.0,46,4.814374
0.0,7,4.815595
1.0,86,4.830309
1.0,40,4.837167
1.0,33,4.842923
1.0,11,4.844819
1.0,85,4.859516
1.0,61,4.869965
0.0,4,4.870669
1.0,12,4.872723
0.0,25,4.877038
0.0,30,4.88221
1.0,81,4.896052
1.0,11,4.897959
1.0,72,4.910397
1.0,33,4.916059
1.0,49,4.924484
1.0,11,4.926387
1.0,64,4.937464
1.0,39,4.944223
1.0,27,4.948895
1.0,11,4.950792
0.0,32,4.956279
1.0,36,4.962484
1.0,40,4.96935
0.0,6,4.970403
0.0,31,4.975778
1.0,46,4.983757
0.0,39,4.990514
1.0,11,4.992418
0.0,86,5.007348
1.0,36,5.013476
0.0,23,5.017449
1.0,13,5.019683
1.0,39,5.026326
1.0,35,5.032341
1.0,40,5.039253
1.0,11,5.041142
1.0,91,5.056729
1.0,34,5.062616
0.0,6,5.063665
1.0,13,5.065851
1.0,53,5.074959
0.0,8,5.076362
0.0,32,5.081896
1.0,11,5.083799
1.0,63,5.0946
1.0,34,5.100865
0.0,6,5.101923
1.0,15,5.104513
1.0,47,5.112576
1.0,30,5.117786
1.0,30,5.122986
1.0,11,5.12489
0.0,69,5.136756
1.0,30,5.141968
1.0,29,5.147005
1.0,11,5.14891
0.0,83,5.16335
0.0,14,5.165817
1.0,29,5.170838
1.0,11,5.17275
1.0,46,5.18067
0.0,16,5.183453
1.0,38,5.19003
0.0,2,5.190387
0.0,45,5.198205
1.0,32,5.203819
0.0,19,5.207093
0.0,11,5.209004
0.0,31,5.21434
0.0,6,5.215426
1.0,27,5.220142
1.0,11,5.222044
1.0,54,5.231349
1.0,36,5.237598
1.0,31,5.243001
0.0,9,5.244562
0.0,4,5.245267
1.0,33,5.250952
1.0,32,5.256466
1.0,13,5.258692
1.0,89,5.274123
0.0,19,5.277461
1.0,25,5.281831
1.0,15,5.284409
0.0,42,5.291522
1.0,38,5.298083
1.0,25,5.302414
1.0,11,5.304312
1.0,44,5.311903
1.0,32,5.317413
1.0,31,5.322745
1.0,11,5.324634
1.0,76,5.337754
1.0,32,5.3433
1.0,27,5.348025
1.0,11,5.349922
0.0,27,5.354608
1.0,39,5.361346
1.0,34,5.367213
1.0,11,5.369129
1.0,30,5.374286
1.0,32,5.379817
1.0,27,5.384507
1.0,11,5.386419
1.0,25,5.390726
1.0,32,5.39627
1.0,27,5.401002
1.0,11,5.402914
0.0,8,5.40432
0.0,20,5.407777
1.0,31,5.413186
1.0,15,5.415782
1.0,47,5.423872
1.0,31,5.429218
1.0,42,5.436485
1.0,14,5.438894
0.0,11,5.440794
0.0,21,5.44446
1.0,25,5.448805
1.0,11,5.450703
1.0,56,5.460427
1.0,35,5.466474
0.0,25,5.47076
1.0,12,5.47283
1.0,62,5.483335
0.0,10,5.485071
0.0,6,5.486132
1.0,11,5.488047
1.0,25,5.492357
1.0,35,5.498398
0.0,20,5.50187
1.0,12,5.503941
1.0,24,5.508081
1.0,36,5.514324
1.0,27,5.519066
1.0,15,5.521652
1.0,26,5.526152
1.0,34,5.53203
0.0,14,5.534453
1.0,11,5.536364
0.0,18,5.539454
1.0,39,5.546114
1.0,25,5.550461
1.0,11,5.552362
1.0,24,5.556491
0.0,30,5.561658
1.0,29,5.567036
1.0,11,5.568937
1.0,27,5.57357
1.0,37,5.579914
1.0,27,5.584571
0.0,2,5.584922
1.0,28,5.58965
1.0,35,5.595674
1.0,27,5.600365
1.0,13,5.602602
1.0,26,5.607071
0.0,27,5.611738
1.0,34,5.617587
1.0,13,5.619814
1.0,26,5.624249
1.0,32,5.629757
1.0,32,5.635288
1.0,11,5.637188
1.0,27,5.641803
0.0,10,5.643538
0.0,8,5.644917
1.0,15,5.647484
1.0,27,5.652096
1.0,23,5.656043
1.0,26,5.66058
1.0,11,5.662476
0.0,16,5.665225
1.0,46,5.67315
1.0,25,5.677528
1.0,11,5.679424
0.0,6,5.680473
1.0,35,5.686459
1.0,35,5.692488
1.0,12,5.694549
1.0,25,5.698871
1.0,30,5.704041
1.0,25,5.708365
1.0,12,5.71043
0.0,8,5.711824
1.0,39,5.7185
1.0,25,5.722813
1.0,11,5.724704
1.0,25,5.729026
1.0,36,5.7352
1.0,28,5.740051
1.0,11,5.741949
1.0,27,5.746622
1.0,35,5.752644
1.0,27,5.7573
1.0,11,5.759199
1.0,29,5.764124
0.0,28,5.768959
1.0,27,5.773613
1.0,11,5.775509
1.0,23,5.779477
1.0,30,5.784624
1.0,26,5.789081
1.0,11,5.790971
1.0,29,5.795916
0.0,27,5.800544
1.0,26,5.805032
1.0,11,5.806918
1.0,23,5.810894
0.0,17,5.813805
1.0,37,5.820152
1.0,12,5.822208
1.0,27,5.826858
1.0,35,5.832826
1.0,26,5.837304
1.0,11,5.839192
1.0,33,5.844752
0.0,4,5.845442
0.0,16,5.848173
1.0,11,5.850064
1.0,26,5.854535
1.0,30,5.859667
1.0,32,5.865104
1.0,11,5.867004
1.0,23,5.870927
1.0,32,5.876433
1.0,32,5.881979
1.0,11,5.883868
1.0,25,5.888136
1.0,27,5.892746
1.0,31,5.898118
0.0,7,5.899333
1.0,25,5.903593
1.0,36,5.909679
1.0,25,5.914023
1.0,11,5.915922
1.0,27,5.920502
1.0,36,5.926681
1.0,26,5.93115
1.0,13,5.933389
0.0,16,5.936133
0.0,25,5.940398
1.0,26,5.944871
0.0,2,5.945223
1.0,27,5.949842
0.0,6,5.950875
1.0,36,5.957029
1.0,11,5.958907
1.0,45,5.966682
1.0,34,5.972507
1.0,31,5.977854
1.0,16,5.980598
1.0,25,5.984834
1.0,36,5.991012
1.0,25,5.995354
1.0,13,5.997592
1.0,27,6.002217
1.0,35,6.008247
1.0,32,6.013804
1.0,12,6.015874
0.0,12,6.017963
0.0,8,6.019354
1.0,25,6.023671
1.0,15,6.026251
1.0,25,6.030563
1.0,36,6.036757
0.0,12,6.038843
0.0,9,6.040407
1.0,46,6.0482
1.0,39,6.054884
1.0,31,6.060212
0.0,2,6.060567
1.0,23,6.064574
0.0,25,6.068854
1.0,25,6.073165
1.0,11,6.075073
1.0,26,6.079485
1.0,31,6.084817
1.0,29,6.089771
1.0,13,6.092001
1.0,26,6.096436
0.0,14,6.098859
1.0,31,6.104165
1.0,11,6.106055
1.0,25,6.110331
1.0,32,6.115809
0.0,10,6.117538
1.0,13,6.119766
1.0,27,6.124318
1.0,34,6.130188
1.0,113,6.149398
1.0,11,6.151307
1.0,25,6.155588
1.0,31,6.160948
0.0,16,6.163728
1.0,11,6.165636
0.0,8,6.167032
1.0,35,6.173074
0.0,11,6.174965
0.0,4,6.175679
1.0,23,6.179641
1.0,33,6.185344
1.0,29,6.190362
1.0,11,6.192277
1.0,27,6.196914
0.0,20,6.200351
0.0,22,6.204134
1.0,12,6.206206
1.0,25,6.210514
1.0,32,6.216044
1.0,33,6.221752
1.0,13,6.223973
0.0,14,6.226411
1.0,25,6.23071
1.0,30,6.235905
1.0,11,6.237811
1.0,23,6.241793
1.0,32,6.247345
1.0,27,6.252032
1.0,13,6.254258
1.0,27,6.258929
1.0,49,6.267415
1.0,28,6.272249
1.0,14,6.274641
1.0,27,6.279241
0.0,37,6.285621
1.0,29,6.290678
0.0,2,6.291033
1.0,27,6.295667
0.0,26,6.300192
0.0,9,6.301739
1.0,13,6.303957
1.0,27,6.308589
1.0,35,6.314621
1.0,25,6.318969
1.0,13,6.321223
1.0,25,6.325518
1.0,33,6.331214
0.0,14,6.333652
1.0,12,6.335689
1.0,27,6.34026
1.0,38,6.34682
1.0,25,6.351163
1.0,14,6.353568
1.0,23,6.357523
0.0,29,6.3625
1.0,31,6.36784
1.0,11,6.369736
0.0,8,6.371132
1.0,32,6.37666
1.0,27,6.381337
1.0,13,6.383572
1.0,25,6.387879
1.0,38,6.394428
0.0,18,6.39753
1.0,11,6.399432
1.0,25,6.403698
1.0,38,6.410256
1.0,25,6.414633
1.0,13,6.416876
0.0,6,6.417925
1.0,30,6.423097
0.0,20,6.426558
1.0,11,6.428456
1.0,60,6.438828
1.0,34,6.444697
0.0,12,6.446789
1.0,13,6.44901
1.0,25,6.453299
0.0,49,6.461696
0.0,17,6.464644
1.0,13,6.466879
1.0,26,6.471306
1.0,36,6.477518
0.0,23,6.481475
0.0,9,6.48304
1.0,24,6.48714
1.0,32,6.492607
1.0,27,6.497275
1.0,11,6.499164
0.0,4,6.499864
1.0,36,6.506042
1.0,25,6.510342
1.0,11,6.512239
1.0,27,6.516915
1.0,30,6.52208
1.0,27,6.526748
1.0,11,6.528641
1.0,23,6.532578
0.0,16,6.535348
0.0,17,6.538261
1.0,14,6.540613
1.0,26,6.545092
1.0,34,6.550917
1.0,27,6.555549
1.0,11,6.557438
1.0,27,6.562049
1.0,35,6.56818
1.0,25,6.572576
1.0,11,6.574466
0.0,26,6.578953
1.0,36,6.585142
1.0,31,6.590479
1.0,11,6.592383
1.0,23,6.596302
1.0,33,6.60195
1.0,29,6.606965
1.0,14,6.609361
0.0,16,6.612098
1.0,31,6.617417
1.0,42,6.624639
1.0,12,6.626696
1.0,25,6.630925
1.0,34,6.63674
1.0,29,6.641746
1.0,11,6.643647
1.0,23,6.647644
0.0,19,6.650912
1.0,25,6.655235
1.0,11,6.657124
0.0,4,6.657818
1.0,32,6.6633
0.0,8,6.66469
0.0,6,6.665735
1.0,24,6.669861
1.0,31,6.675181
0.0,6,6.67624
1.0,11,6.678132
1.0,25,6.682354
1.0,30,6.687503
1.0,30,6.692654
1.0,11,6.694547
1.0,25,6.698851
1.0,34,6.704609
1.0,27,6.709307
1.0,12,6.711381
1.0,27,6.715962
1.0,31,6.721256
1.0,25,6.725615
1.0,13,6.72784
1.0,25,6.73213
1.0,38,6.738606
0.0,10,6.740327
1.0,11,6.74221
1.0,23,6.746109
1.0,32,6.751592
0.0,14,6.754008
1.0,11,6.755898
1.0,26,6.760317
0.0,4,6.761011
1.0,27,6.765662
1.0,14,6.768041
1.0,27,6.772675
0.0,25,6.777002
1.0,28,6.781762
1.0,11,6.783648
1.0,25,6.787917
0.0,25,6.79221
1.0,30,6.797419
1.0,11,6.799305
1.0,24,6.803416
1.0,25,6.807627
1.0,25,6.811918
0.0,7,6.813134
1.0,25,6.817395
0.0,2,6.817744
0.0,16,6.820507
1.0,12,6.822558
1.0,28,6.827344
1.0,42,6.834502
1.0,30,6.839671
0.0,2,6.840022
0.0,8,6.841412
1.0,35,6.847384
0.0,16,6.850124
0.0,4,6.850821
0.0,6,6.851846
1.0,34,6.857673
0.0,21,6.86128
0.0,9,6.862846
1.0,25,6.867099
0.0,14,6.869512
0.0,19,6.872799
1.0,11,6.87468
1.0,29,6.879649
0.0,32,6.88523
0.0,8,6.886627
1.0,14,6.88902
1.0,25,6.89334
1.0,35,6.899333
0.0,19,6.902619
1.0,11,6.904509
1.0,52,6.913425
0.0,6,6.914507
0.0,19,6.917831
1.0,12,6.91991
0.0,21,6.923534
1.0,38,6.93009
1.0,27,6.93481
1.0,12,6.936891
1.0,25,6.941121
1.0,38,6.947672
0.0,21,6.951325
1.0,11,6.953216
1.0,25,6.957515
1.0,41,6.964544
0.0,13,6.966806
1.0,14,6.969193
1.0,31,6.9744
0.0,5,6.975275
1.0,37,6.98171
1.0,13,6.983948
0.0,14,6.986385
1.0,31,6.991733
0.0,24,6.99592
0.0,6,6.996969
1.0,25,7.001349
1.0,35,7.007355
1.0,27,7.011994
1.0,14,7.014395
0.0,21,7.017945
0.0,32,7.023443
0.0,20,7.026926
0.0,7,7.028151
0.0,17,7.030956
1.0,30,7.036119
1.0,29,7.041118
1.0,13,7.04336
1.0,25,7.04764
1.0,40,7.05449
1.0,33,7.060191
1.0,11,7.062087
1.0,29,7.067039
1.0,32,7.072484
0.0,18,7.075517
1.0,11,7.077412
1.0,23,7.081386
0.0,12,7.083456
1.0,26,7.087944
1.0,11,7.089842
1.0,26,7.094277
0.0,23,7.098229
0.0,19,7.101552
1.0,11,7.103447
1.0,25,7.107762
1.0,33,7.113438
1.0,27,7.118149
1.0,11,7.120025
1.0,25,7.124292
1.0,40,7.131133
1.0,36,7.137287
1.0,11,7.139176
1.0,29,7.144136
1.0,35,7.150154
1.0,26,7.154664
1.0,15,7.157173
0.0,6,7.158217
1.0,33,7.163878
1.0,29,7.168894
1.0,13,7.171126
1.0,24,7.175246
0.0,24,7.179406
1.0,26,7.183846
1.0,11,7.185738
1.0,25,7.189958
1.0,33,7.19563
1.0,29,7.200662
1.0,13,7.202899
0.0,8,7.204258
0.0,8,7.20563
1.0,27,7.210336
0.0,10,7.212064
1.0,23,7.216023
1.0,30,7.221192
1.0,27,7.225901
1.0,12,7.227953
1.0,25,7.232265
0.0,17,7.235211
0.0,16,7.237984
1.0,11,7.239874
1.0,24,7.243986
1.0,42,7.251162
1.0,27,7.255811
1.0,11,7.257707
1.0,30,7.26286
1.0,37,7.269203
1.0,25,7.273518
0.0,2,7.273868
1.0,26,7.27826
0.0,21,7.281876
0.0,17,7.284819
1.0,13,7.287055
1.0,25,7.291365
1.0,34,7.297226
1.0,27,7.301904
1.0,13,7.304151
0.0,25,7.308447
0.0,16,7.31123
1.0,31,7.316567
1.0,13,7.318806
1.0,27,7.323407
1.0,32,7.328934
0.0,18,7.332019
1.0,11,7.333913
1.0,26,7.33837
1.0,30,7.343547
1.0,27,7.34821
0.0,6,7.349257
1.0,23,7.353234
1.0,40,7.360059
1.0,25,7.364391
1.0,11,7.366297
1.0,32,7.371725
0.0,9,7.373275
1.0,27,7.377943
1.0,11,7.379832
1.0,24,7.383965
1.0,36,7.39015
1.0,27,7.394825
1.0,11,7.396723
1.0,25,7.401018
1.0,32,7.406538
1.0,27,7.411249
1.0,13,7.413483
1.0,23,7.417431
1.0,34,7.423289
1.0,31,7.428654
1.0,11,7.43054
1.0,25,7.434853
0.0,32,7.440365
0.0,9,7.441921
0.0,2,7.442282
1.0,25,7.446546
1.0,32,7.452009
1.0,34,7.457859
1.0,13,7.460086
1.0,25,7.464387
0.0,25,7.468704
1.0,29,7.473674
1.0,12,7.475751
1.0,28,7.480528
0.0,21,7.484132
1.0,25,7.488504
1.0,13,7.49074
1.0,26,7.495191
1.0,32,7.500665
1.0,26,7.505188
1.0,11,7.507079
1.0,28,7.511862
0.0,14,7.514259
1.0,31,7.519593
1.0,11,7.521475
1.0,29,7.526449
1.0,33,7.53211
0.0,10,7.533842
1.0,11,7.535741
1.0,29,7.540675
1.0,31,7.546009
1.0,25,7.550363
1.0,11,7.552256
0.0,14,7.55464
0.0,18,7.557758
0.0,19,7.561058
1.0,11,7.56295
1.0,23,7.5669
1.0,23,7.57099
1.0,25,7.575511
1.0,13,7.577756
1.0,25,7.582054
1.0,33,7.587729
1.0,29,7.592781
1.0,15,7.595347
1.0,25,7.599625
0.0,29,7.604621
0.0,16,7.607406
0.0,4,7.608104
1.0,27,7.612747
1.0,30,7.617924
0.0,22,7.621759
1.0,12,7.623812
1.0,32,7.629217
0.0,11,7.631104
1.0,26,7.63563
1.0,11,7.637527
0.0,10,7.639259
0.0,8,7.640647
1.0,29,7.645682
1.0,11,7.647569
1.0,27,7.652196
1.0,30,7.657334
1.0,29,7.662351
1.0,13,7.664583
1.0,23,7.668521
1.0,32,7.673988
1.0,27,7.67864
1.0,15,7.681172
1.0,23,7.685162
1.0,33,7.690825
1.0,31,7.696156
1.0,12,7.69818
1.0,28,7.703007
1.0,30,7.708177
1.0,27,7.712887
1.0,14,7.715283
1.0,25,7.719547
1.0,30,7.724692
0.0,8,7.726074
1.0,13,7.728313
1.0,23,7.73225
1.0,34,7.738087
0.0,19,7.741379
0.0,7,7.742608
1.0,25,7.746921
1.0,32,7.752423
0.0,14,7.754815
1.0,12,7.756873
1.0,23,7.760876
1.0,32,7.76637
1.0,31,7.771724
1.0,11,7.773623
1.0,26,7.778045
1.0,36,7.784224
1.0,29,7.78923
1.0,11,7.791123
1.0,23,7.79509
0.0,19,7.798362
1.0,27,7.803021
1.0,15,7.80559
1.0,30,7.810703
1.0,38,7.817229
1.0,29,7.822294
1.0,11,7.824186
1.0,24,7.828306
1.0,37,7.834671
1.0,29,7.839681
0.0,6,7.840723
1.0,29,7.845695
1.0,32,7.851188
1.0,27,7.855852
1.0,11,7.857739
0.0,18,7.860796
0.0,28,7.86563
0.0,4,7.86632
1.0,13,7.868553
1.0,33,7.874083
1.0,40,7.880954
1.0,29,7.886013
1.0,12,7.888065
1.0,26,7.892472
1.0,30,7.897638
1.0,25,7.901969
1.0,15,7.904494
1.0,25,7.908826
1.0,34,7.91466
1.0,25,7.918993
1.0,11,7.920891
1.0,27,7.92556
0.0,30,7.930715
1.0,34,7.936618
1.0,17,7.939539
0.0,14,7.941928
1.0,37,7.94833
1.0,32,7.95386
1.0,11,7.955758
1.0,24,7.959883
1.0,30,7.965058
1.0,27,7.969723
1.0,11,7.971623
1.0,26,7.976086
0.0,33,7.981754
0.0,4,7.982456
1.0,15,7.985043
1.0,29,7.989982
1.0,34,7.995809
1.0,27,8.000519
1.0,11,8.00242
1.0,29,8.007306
1.0,38,8.0138
0.0,10,8.015551
1.0,11,8.017437
1.0,26,8.021864
1.0,35,8.027862
1.0,27,8.032527
1.0,12,8.034555
1.0,23,8.038512
1.0,40,8.045384
1.0,29,8.050434
1.0,13,8.052668
1.0,27,8.057307
1.0,30,8.06248
0.0,4,8.063175
1.0,11,8.06507
0.0,14,8.067504
1.0,26,8.071932
1.0,25,8.076311
1.0,14,8.078709
1.0,27,8.083415
1.0,30,8.088579
0.0,8,8.089963
0.0,2,8.090312
1.0,27,8.094952
0.0,11,8.096843
1.0,31,8.102226
1.0,11,8.104124
1.0,27,8.108731
1.0,34,8.114553
1.0,27,8.119251
1.0,11,8.121146
1.0,23,8.125118
1.0,42,8.132339
0.0,18,8.135464
1.0,13,8.13769
1.0,27,8.142284
0.0,4,8.142982
0.0,16,8.145772
1.0,11,8.147664
1.0,25,8.151973
1.0,39,8.158659
1.0,30,8.163866
1.0,13,8.166102
0.0,17,8.168993
0.0,28,8.173811
1.0,25,8.178143
1.0,11,8.180036
1.0,27,8.184689
0.0,12,8.186764
1.0,27,8.191424
0.0,4,8.192114
1.0,27,8.196726
0.0,28,8.201549
0.0,19,8.204831
1.0,11,8.206726
1.0,25,8.21105
1.0,32,8.216539
1.0,26,8.221074
0.0,9,8.222642
1.0,24,8.226774
1.0,33,8.232452
0.0,17,8.235364
0.0,7,8.236579
1.0,27,8.241169
1.0,36,8.247306
1.0,27,8.25196
1.0,12,8.25402
1.0,23,8.257957
1.0,31,8.263292
1.0,28,8.268159
1.0,11,8.270051
0.0,12,8.272125
1.0,31,8.277476
1.0,35,8.283493
1.0,13,8.285721
0.0,9,8.287278
1.0,34,8.293094
0.0,20,8.296562
1.0,11,8.298457
1.0,31,8.303704
1.0,32,8.309166
0.0,19,8.312438
1.0,15,8.315008
1.0,23,8.318952
1.0,32,8.324467
0.0,8,8.325859
1.0,13,8.32809
1.0,27,8.332739
0.0,19,8.33605
1.0,26,8.340551
1.0,12,8.342618
1.0,23,8.346589
1.0,30,8.351739
1.0,31,8.357084
1.0,11,8.358985
1.0,23,8.362928
1.0,25,8.3672
1.0,25,8.371549
1.0,11,8.373435
1.0,29,8.378396
0.0,4,8.379097
1.0,27,8.383756
0.0,9,8.385326
0.0,8,8.386719
0.0,4,8.387415
0.0,22,8.391204
1.0,14,8.39361
1.0,23,8.397539
0.0,29,8.402516
1.0,27,8.407188
0.0,9,8.408761
1.0,25,8.413054
1.0,30,8.418215
0.0,24,8.422366
1.0,11,8.424258
0.0,6,8.425264
1.0,34,8.43106
1.0,32,8.436582
1.0,15,8.439151
1.0,29,8.444078
1.0,32,8.449568
1.0,30,8.45475
1.0,11,8.456645
1.0,25,8.460932
1.0,25,8.465185
1.0,29,8.4702
1.0,15,8.47277
1.0,28,8.477556
1.0,33,8.483227
1.0,25,8.487542
1.0,13,8.489759
1.0,26,8.494235
0.0,4,8.494925
0.0,21,8.498514
1.0,12,8.500573
1.0,23,8.504527
1.0,34,8.510372
1.0,32,8.515882
1.0,15,8.518437
1.0,25,8.522699
1.0,40,8.529509
1.0,27,8.534224
1.0,11,8.536135
1.0,30,8.541171
1.0,34,8.547002
1.0,28,8.551816
1.0,13,8.554026
1.0,23,8.557939
1.0,31,8.563213
1.0,28,8.568036
0.0,7,8.569256
1.0,27,8.573898
1.0,41,8.581063
1.0,25,8.585424
1.0,11,8.587307
1.0,25,8.591559
1.0,34,8.59742
1.0,27,8.602171
1.0,11,8.604066
0.0,5,8.604932
0.0,14,8.607348
1.0,29,8.612413
1.0,11,8.614305
1.0,23,8.618259
0.0,26,8.622756
1.0,27,8.627481
1.0,11,8.629376
0.0,14,8.631785
0.0,21,8.635409
1.0,29,8.640521
1.0,13,8.642775
1.0,23,8.646733
1.0,32,8.652242
1.0,25,8.656602
1.0,11,8.658501
1.0,23,8.662491
0.0,8,8.66385
1.0,25,8.668229
1.0,11,8.670124
1.0,29,8.675045
1.0,38,8.681567
1.0,30,8.686701
1.0,11,8.688601
0.0,16,8.691347
1.0,37,8.697707
0.0,19,8.701003
1.0,11,8.702898
1.0,23,8.706858
1.0,34,8.7127
1.0,27,8.717372
1.0,13,8.719606
1.0,25,8.723886
1.0,31,8.729246
1.0,29,8.734268
1.0,13,8.736497
1.0,29,8.741437
1.0,38,8.747954
1.0,29,8.752995
1.0,11,8.754889
1.0,27,8.759541
1.0,23,8.763474
1.0,26,8.768023
1.0,12,8.770087
1.0,23,8.774022
0.0,6,8.775072
1.0,33,8.780756
1.0,11,8.782645
1.0,29,8.787611
1.0,34,8.793457
1.0,28,8.798314
0.0,6,8.799363
1.0,26,8.803845
0.0,17,8.806786
1.0,29,8.811774
1.0,11,8.813659
1.0,28,8.818423
1.0,32,8.823931
1.0,31,8.829321
0.0,4,8.830017
1.0,24,8.834133
0.0,8,8.835526
1.0,25,8.839819
1.0,11,8.841712
1.0,26,8.846206
0.0,23,8.850176
1.0,26,8.854611
1.0,14,8.856994
1.0,25,8.861276
1.0,54,8.870511
1.0,31,8.875927
1.0,13,8.878115
1.0,23,8.882098
0.0,29,8.887084
1.0,25,8.891427
1.0,11,8.893331
1.0,28,8.898121
0.0,27,8.902767
1.0,35,8.908814
1.0,12,8.910886
1.0,25,8.915213
1.0,30,8.920401
1.0,27,8.925098
1.0,13,8.927323
1.0,23,8.931305
1.0,33,8.93698
0.0,23,8.940945
1.0,12,8.942957
1.0,25,8.947242
1.0,36,8.953409
0.0,4,8.954106
1.0,11,8.955998
1.0,24,8.960106
1.0,33,8.965764
1.0,29,8.97074
1.0,11,8.972631
1.0,25,8.976905
1.0,31,8.982238
1.0,27,8.986877
1.0,13,8.989128
1.0,25,8.993415
0.0,8,8.994795
1.0,27,8.99948
1.0,11,9.001374
1.0,25,9.005655
1.0,31,9.010989
1.0,27,9.015682
1.0,12,9.017723
1.0,25,9.021965
1.0,41,9.028957
1.0,27,9.033662
1.0,11,9.035558
1.0,27,9.040128
0.0,30,9.045274
1.0,32,9.050804
1.0,15,9.053331
1.0,24,9.05742
0.0,19,9.060692
1.0,29,9.065697
0.0,7,9.066914
1.0,30,9.072005
1.0,36,9.078162
1.0,29,9.083215
1.0,11,9.085106
1.0,33,9.090755
0.0,25,9.095069
1.0,27,9.099749
1.0,11,9.101642
1.0,23,9.105622
1.0,39,9.112281
1.0,29,9.117273
1.0,11,9.119166
1.0,28,9.123903
0.0,19,9.127213
1.0,31,9.132536
1.0,11,9.134439
1.0,28,9.139224
1.0,33,9.144864
1.0,25,9.149165
1.0,12,9.151206
1.0,26,9.155656
1.0,40,9.162425
1.0,34,9.168246
1.0,11,9.170125
0.0,16,9.172837
1.0,34,9.178666
1.0,34,9.18441
1.0,13,9.186603
1.0,26,9.191078
1.0,34,9.196895
1.0,28,9.201734
1.0,11,9.203613
1.0,23,9.207558
1.0,37,9.213859
1.0,27,9.218491
1.0,11,9.220368
1.0,23,9.22429
1.0,34,9.230112
1.0,26,9.234606
0.0,11,9.236514
1.0,27,9.241089
0.0,25,9.245388
0.0,14,9.247783
1.0,11,9.249691
1.0,29,9.254589
1.0,34,9.260409
1.0,36,9.266603
1.0,13,9.268816
1.0,23,9.272729
0.0,20,9.276193
1.0,27,9.28087
1.0,11,9.282757
1.0,23,9.286673
1.0,35,9.292663
1.0,29,9.297668
1.0,12,9.299712
0.0,8,9.301087
1.0,32,9.306569
1.0,29,9.31155
1.0,13,9.313775
1.0,24,9.317927
1.0,35,9.323908
0.0,16,9.326666
1.0,15,9.329228
1.0,27,9.333858
1.0,30,9.33897
1.0,33,9.34462
1.0,11,9.346514
0.0,17,9.34939
1.0,36,9.35555
0.0,16,9.358271
0.0,4,9.358968
1.0,24,9.363046
1.0,34,9.368841
1.0,27,9.373482
1.0,13,9.375656
0.0,6,9.376691
1.0,30,9.381834
1.0,32,9.387333
1.0,13,9.389505
1.0,25,9.393748
0.0,32,9.399228
1.0,32,9.404745
0.0,2,9.405097
0.0,19,9.408376
1.0,41,9.415391
0.0,8,9.416772
1.0,11,9.418653
1.0,25,9.422868
1.0,33,9.428513
1.0,25,9.432843
1.0,11,9.434723
1.0,23,9.438659
0.0,29,9.443644
1.0,28,9.448511
1.0,11,9.450396
0.0,14,9.452812
1.0,36,9.458924
1.0,25,9.463268
1.0,13,9.465453
1.0,27,9.470079
0.0,34,9.475902
1.0,27,9.480573
1.0,11,9.482457
1.0,25,9.486743
1.0,33,9.492391
1.0,25,9.496696
1.0,13,9.498875
1.0,27,9.503504
1.0,33,9.509107
0.0,12,9.511206
0.0,9,9.512758
1.0,25,9.517019
0.0,12,9.519093
1.0,27,9.523781
1.0,11,9.525682
1.0,28,9.530481
1.0,23,9.534397
1.0,27,9.539043
1.0,13,9.54125
1.0,27,9.54585
0.0,10,9.547566
1.0,27,9.552246
1.0,11,9.554129
1.0,23,9.55808
1.0,31,9.563383
1.0,27,9.568028
1.0,13,9.570247
1.0,25,9.574437
0.0,23,9.578708
1.0,26,9.583242
1.0,11,9.585118
1.0,25,9.589329
1.0,46,9.597226
0.0,8,9.598588
1.0,11,9.600473
1.0,26,9.60493
1.0,25,9.609193
0.0,16,9.611917
1.0,11,9.613795
1.0,25,9.618103
1.0,32,9.62354
1.0,27,9.628226
1.0,13,9.630455
0.0,21,9.634009
1.0,37,9.640351
0.0,20,9.643772
1.0,11,9.645674
1.0,23,9.649569
1.0,34,9.655381
1.0,26,9.659856
1.0,11,9.661741
1.0,25,9.666033
0.0,29,9.67099
1.0,29,9.676021
1.0,11,9.677909
1.0,23,9.681815
0.0,10,9.683523
1.0,25,9.687832
1.0,11,9.689721
1.0,25,9.694029
1.0,33,9.699637
1.0,28,9.704428
1.0,12,9.706489
1.0,25,9.710787
1.0,30,9.71593
1.0,27,9.720585
1.0,12,9.722633
1.0,27,9.727278
1.0,33,9.732919
1.0,27,9.737557
1.0,11,9.739426
1.0,25,9.743681
1.0,35,9.749671
1.0,30,9.754852
1.0,11,9.756732
1.0,23,9.760637
1.0,30,9.765757
1.0,31,9.771103
1.0,11,9.77298
1.0,25,9.77724
1.0,31,9.782518
1.0,27,9.787164
1.0,12,9.789209
0.0,4,9.78989
0.0,8,9.791273
1.0,31,9.796546
0.0,6,9.797588
1.0,23,9.801538
0.0,16,9.804297
0.0,6,9.805341
1.0,12,9.807381
1.0,23,9.811354
1.0,35,9.817351
0.0,21,9.82095
1.0,13,9.823176
0.0,12,9.825244
0.0,6,9.826298
1.0,26,9.830768
1.0,11,9.832657
1.0,27,9.837314
1.0,40,9.844134
1.0,25,9.848426
1.0,15,9.850982
0.0,6,9.852009
0.0,33,9.857676
1.0,29,9.862706
0.0,10,9.864429
0.0,21,9.868032
1.0,40,9.874853
1.0,29,9.87989
0.0,5,9.88075
1.0,27,9.885381
1.0,36,9.891532
1.0,28,9.896339
1.0,11,9.898225
0.0,6,9.899263
1.0,56,9.908788
1.0,29,9.913787
1.0,13,9.916016
0.0,21,9.919621
0.0,9,9.921183
1.0,27,9.925885
1.0,12,9.927943
1.0,29,9.932876
1.0,34,9.938678
1.0,31,9.944007
0.0,8,9.945392
1.0,25,9.949646
1.0,36,9.955776
1.0,35,9.961786
1.0,12,9.963833
0.0,25,9.968118
0.0,26,9.972576
0.0,18,9.975692
0.0,4,9.976384
1.0,25,9.980627
0.0,16,9.983365
1.0,34,9.989184
1.0,15,9.991735
1.0,26,9.996231
1.0,36,10.002371
1.0,33,10.008065
1.0,13,10.010309
1.0,29,10.015304
1.0,32,10.02078
1.0,25,10.025088
1.0,11,10.026982
0.0,19,10.030231
1.0,34,10.03608
1.0,33,10.041711
1.0,13,10.043953
0.0,18,10.047056
0.0,8,10.048445
1.0,27,10.053081
1.0,13,10.055299
0.0,16,10.058009
1.0,31,10.063307
1.0,25,10.067662
1.0,15,10.070222
1.0,29,10.075098
1.0,32,10.080581
1.0,30,10.085749
1.0,14,10.088137
1.0,23,10.09205
0.0,11,10.093941
1.0,27,10.098637
1.0,14,10.101029
1.0,23,10.104978
1.0,33,10.110628
1.0,27,10.115302
1.0,11,10.117193
1.0,23,10.121137
1.0,30,10.126292
1.0,25,10.130642
1.0,11,10.132527
1.0,27,10.137159
1.0,23,10.141069
1.0,26,10.145553
1.0,13,10.147771
1.0,23,10.151688
1.0,30,10.156831
1.0,35,10.162882
0.0,4,10.163576
1.0,23,10.16749
0.0,21,10.171085
1.0,31,10.176407
1.0,11,10.178292
1.0,25,10.182572
1.0,30,10.187711
1.0,25,10.192041
1.0,11,10.193927
0.0,10,10.195633
1.0,33,10.201277
1.0,25,10.205621
0.0,6,10.206661
0.0,8,10.208033
1.0,33,10.213644
1.0,27,10.218284
0.0,7,10.219502
1.0,25,10.223778
1.0,30,10.22892
0.0,6,10.229957
1.0,11,10.231838
1.0,25,10.236133
0.0,20,10.239572
1.0,27,10.244214
1.0,14,10.24661
1.0,24,10.250707
1.0,34,10.256507
1.0,25,10.260809
1.0,12,10.262857
1.0,25,10.267106
0.0,19,10.27038
1.0,26,10.274879
1.0,11,10.276773
1.0,23,10.28068
1.0,32,10.28615
1.0,27,10.290819
1.0,13,10.293051
1.0,23,10.297012
0.0,8,10.298388
0.0,8,10.299745
1.0,11,10.30163
1.0,26,10.306043
1.0,32,10.311522
1.0,25,10.315855
1.0,12,10.317894
1.0,27,10.322597
1.0,37,10.328935
1.0,27,10.333524
1.0,12,10.335578
1.0,26,10.340006
1.0,34,10.345819
0.0,6,10.346852
1.0,13,10.349066
1.0,30,10.35415
1.0,30,10.35934
1.0,30,10.3645
1.0,11,10.366389
0.0,19,10.369623
0.0,26,10.374095
1.0,31,10.37941
1.0,11,10.3813
0.0,6,10.382352
1.0,32,10.38784
1.0,27,10.392525
1.0,13,10.394746
1.0,26,10.399165
1.0,33,10.404824
0.0,14,10.407243
1.0,11,10.409141
0.0,8,10.41051
1.0,32,10.416021
1.0,29,10.421019
0.0,11,10.422916
1.0,27,10.427558
1.0,37,10.433932
1.0,28,10.438776
1.0,12,10.440789
1.0,25,10.445066
1.0,23,10.448987
1.0,32,10.454406
1.0,11,10.456292
1.0,29,10.461229
0.0,29,10.466176
1.0,27,10.470831
1.0,12,10.472873
1.0,23,10.476809
1.0,37,10.483146
0.0,15,10.48575
1.0,15,10.488303
1.0,24,10.492412
1.0,32,10.497848
0.0,4,10.498544
1.0,11,10.500422
1.0,26,10.504866
1.0,35,10.510834
0.0,14,10.513213
1.0,13,10.515439
1.0,33,10.520934
1.0,32,10.526416
1.0,27,10.531095
1.0,17,10.534008
0.0,8,10.535384
1.0,30,10.540534
1.0,25,10.544884
1.0,11,10.546765
1.0,23,10.550723
1.0,34,10.55653
1.0,27,10.561224
0.0,4,10.561922
1.0,23,10.565899
1.0,30,10.571052
1.0,27,10.575744
1.0,11,10.57763
0.0,19,10.581026
1.0,30,10.586342
1.0,29,10.591354
1.0,12,10.59337
1.0,25,10.597663
1.0,35,10.603635
1.0,27,10.608265
1.0,13,10.610499
1.0,24,10.614576
0.0,19,10.617863
1.0,35,10.6239
1.0,11,10.625797
1.0,30,10.630929
1.0,32,10.636437
1.0,26,10.640952
1.0,11,10.642851
1.0,25,10.647115
0.0,17,10.650016
1.0,25,10.654317
1.0,13,10.656543
1.0,23,10.660452
1.0,29,10.66542
1.0,30,10.67061
1.0,13,10.672829
0.0,18,10.675913
1.0,34,10.681753
1.0,27,10.686439
1.0,11,10.688331
1.0,28,10.693135
1.0,36,10.699282
1.0,27,10.70396
1.0,11,10.705849
1.0,29,10.710814
0.0,14,10.713195
1.0,28,10.71803
1.0,11,10.719911
0.0,18,10.723006
0.0,9,10.724554
1.0,25,10.728881
1.0,11,10.730782
1.0,27,10.735406
0.0,14,10.737809
0.0,6,10.738841
1.0,11,10.740731
1.0,25,10.745009
1.0,33,10.750668
1.0,29,10.755669
1.0,12,10.757722
1.0,24,10.761877
1.0,37,10.768191
1.0,31,10.773539
1.0,12,10.775581
1.0,25,10.779879
1.0,35,10.785838
1.0,27,10.790528
1.0,11,10.792435
1.0,30,10.797566
1.0,32,10.803087
0.0,14,10.805511
1.0,11,10.807397
1.0,29,10.812392
1.0,29,10.817384
1.0,34,10.823214
1.0,13,10.825435
1.0,25,10.829739
1.0,31,10.834991
1.0,27,10.839654
1.0,13,10.841878
0.0,31,10.847224
1.0,31,10.85249
1.0,29,10.857489
1.0,13,10.859684
1.0,27,10.864254
1.0,32,10.86974
1.0,26,10.874232
1.0,12,10.876279
0.0,4,10.876973
1.0,39,10.883599
1.0,27,10.888282
1.0,15,10.890826
1.0,28,10.895604
1.0,31,10.900937
1.0,28,10.905741
1.0,11,10.907628
1.0,26,10.912049
0.0,6,10.913102
0.0,13,10.915351
1.0,11,10.91723
1.0,23,10.921186
1.0,39,10.927863
1.0,28,10.932716
1.0,13,10.934943
1.0,28,10.939732
0.0,6,10.940788
1.0,26,10.945318
1.0,17,10.948205
1.0,23,10.952145
1.0,29,10.957126
1.0,31,10.962489
1.0,13,10.964719
1.0,31,10.970027
1.0,36,10.976111
1.0,31,10.981478
1.0,11,10.983358
1.0,25,10.987673
1.0,33,10.993325
1.0,28,10.998177
1.0,11,11.000069
0.0,18,11.003133
1.0,32,11.008648
0.0,15,11.011241
1.0,11,11.013123
1.0,25,11.01742
0.0,6,11.018462
1.0,34,11.024291
1.0,11,11.026188
1.0,23,11.030148
0.0,12,11.032211
1.0,31,11.037558
1.0,14,11.039943
0.0,8,11.041326
0.0,6,11.042364
1.0,27,11.047015
0.0,10,11.048733
1.0,25,11.052983
1.0,32,11.058481
1.0,31,11.063801
1.0,11,11.065695
0.0,18,11.068766
1.0,29,11.073712
1.0,28,11.078549
0.0,2,11.078901
1.0,24,11.083039
1.0,36,11.089258
1.0,33,11.094949
1.0,11,11.09684
1.0,23,11.100764
1.0,33,11.106406
1.0,31,11.111782
1.0,11,11.113677
1.0,23,11.11765
0.0,16,11.120389
1.0,30,11.125551
1.0,13,11.127778
1.0,23,11.131728
1.0,30,11.136881
1.0,25,11.141161
1.0,13,11.143391
0.0,21,11.147002
0.0,6,11.148048
0.0,4,11.148741
1.0,11,11.15063
1.0,25,11.154884
1.0,27,11.159496
1.0,32,11.165023
1.0,11,11.166907
0.0,8,11.168275
1.0,30,11.173407
1.0,28,11.178215
1.0,11,11.180094
1.0,25,11.184365
0.0,8,11.185738
0.0,8,11.187124
1.0,13,11.189343
1.0,23,11.193271
0.0,16,11.19603
1.0,29,11.201031
1.0,13,11.203255
1.0,26,11.207686
1.0,38,11.21413
0.0,6,11.215174
1.0,11,11.21706
1.0,27,11.221656
1.0,33,11.227334
0.0,19,11.230578
1.0,12,11.232588
1.0,27,11.237184
0.0,8,11.238545
1.0,28,11.24334
1.0,11,11.245216
1.0,27,11.249836
1.0,32,11.255315
0.0,4,11.25601
1.0,11,11.257896
0.0,19,11.261165
1.0,34,11.267002
0.0,16,11.269765
1.0,11,11.271648
1.0,25,11.2759
1.0,30,11.281027
0.0,8,11.282403
0.0,4,11.283096
1.0,24,11.287193
1.0,33,11.292845
0.0,14,11.295268
1.0,11,11.297151
1.0,24,11.301262
1.0,33,11.306903
0.0,6,11.307921
1.0,11,11.309816
1.0,25,11.314088
1.0,25,11.318336
1.0,29,11.323313
1.0,16,11.325992
1.0,27,11.330611
1.0,36,11.336718
1.0,25,11.341002
1.0,11,11.342903
1.0,24,11.347035
1.0,35,11.353003
1.0,26,11.357469
1.0,12,11.359509
1.0,27,11.364128
0.0,28,11.368938
1.0,33,11.37457
1.0,11,11.376458
1.0,25,11.380707
1.0,34,11.386523
1.0,29,11.391445
1.0,11,11.393344
1.0,27,11.397993
1.0,34,11.403807
0.0,23,11.407783
1.0,16,11.410497
1.0,23,11.414451
0.0,6,11.415483
0.0,22,11.419191
1.0,11,11.421074
1.0,29,11.426014
1.0,30,11.431071
1.0,31,11.436409
1.0,11,11.438296
1.0,25,11.442566
1.0,34,11.448356
1.0,27,11.453021
1.0,11,11.454903
0.0,12,11.456976
0.0,32,11.462486
1.0,29,11.467493
1.0,11,11.469375
1.0,28,11.474124
1.0,35,11.480122
1.0,28,11.484915
1.0,13,11.487142
0.0,13,11.489335
1.0,34,11.495117
1.0,34,11.500874
1.0,11,11.502759
1.0,23,11.506676
1.0,30,11.511809
1.0,28,11.516616
1.0,11,11.518503
1.0,28,11.523289
1.0,34,11.529121
1.0,29,11.534128
1.0,14,11.536518
1.0,30,11.541653
1.0,34,11.547495
1.0,31,11.552735
0.0,4,11.553433
1.0,27,11.558035
1.0,32,11.563509
1.0,29,11.56854
1.0,14,11.57089
1.0,28,11.575602
0.0,30,11.580754
1.0,31,11.586276
0.0,4,11.586971
1.0,29,11.591897
1.0,31,11.597185
1.0,25,11.601531
0.0,6,11.602568
1.0,23,11.606519
0.0,23,11.610471
1.0,25,11.614775
1.0,11,11.616657
0.0,16,11.619417
1.0,32,11.624905
1.0,27,11.629584
1.0,11,11.631467
1.0,27,11.636107
1.0,36,11.642193
1.0,25,11.646512
0.0,6,11.647551
1.0,25,11.651783
1.0,39,11.658439
0.0,16,11.66122
1.0,12,11.663264
1.0,25,11.667561
1.0,30,11.672693
1.0,27,11.677345
0.0,8,11.678723
1.0,26,11.683113
1.0,33,11.688743
1.0,25,11.69304
1.0,15,11.695564
1.0,25,11.699843
0.0,4,11.700527
1.0,27,11.705214
1.0,13,11.707443
1.0,30,11.712476
1.0,32,11.717948
0.0,8,11.719324
1.0,11,11.721229
1.0,35,11.727163
1.0,33,11.732808
1.0,25,11.737147
0.0,2,11.737496
0.0,8,11.738873
1.0,33,11.744455
1.0,27,11.749125
1.0,14,11.751495
1.0,23,11.755451
1.0,42,11.762578
1.0,29,11.767546
1.0,11,11.769433
0.0,12,11.771487
1.0,29,11.776465
1.0,27,11.781143
1.0,11,11.783024
0.0,8,11.784388
1.0,36,11.790538
1.0,27,11.795209
1.0,12,11.79725
0.0,6,11.798261
1.0,30,11.803399
1.0,29,11.808427
1.0,11,11.810322
1.0,25,11.814605
0.0,15,11.817171
1.0,26,11.821661
0.0,6,11.822699
1.0,27,11.827297
1.0,34,11.83311
1.0,31,11.838434
1.0,13,11.840654
1.0,28,11.845437
1.0,29,11.850429
1.0,25,11.854718
1.0,13,11.85694
1.0,23,11.860897
1.0,30,11.866022
1.0,28,11.870862
1.0,15,11.873417
1.0,30,11.878563
1.0,31,11.883866
1.0,30,11.889014
1.0,11,11.890902
0.0,4,11.891599
0.0,20,11.894981
0.0,6,11.896026
1.0,13,11.898252
1.0,27,11.902876
1.0,30,11.908014
1.0,27,11.912655
1.0,11,11.914537
1.0,23,11.918515
1.0,44,11.926068
1.0,30,11.931206
1.0,11,11.933082
1.0,28,11.937896
0.0,4,11.938581
1.0,25,11.942893
1.0,11,11.944773
1.0,26,11.949252
0.0,4,11.949948
0.0,8,11.951333
1.0,14,11.953715
1.0,26,11.958141
1.0,31,11.963449
1.0,25,11.967746
1.0,11,11.969658
1.0,25,11.973858
0.0,2,11.974207
1.0,29,11.979189
1.0,12,11.981254
1.0,26,11.985671
0.0,4,11.986368
1.0,29,11.991337
1.0,11,11.993224
1.0,23,11.997171
1.0,29,12.002138
1.0,25,12.006483
0.0,10,12.008188
1.0,25,12.012466
1.0,35,12.018449
1.0,29,12.023445
1.0,13,12.025648
1.0,27,12.030249
1.0,29,12.03531
1.0,29,12.040287
0.0,6,12.041327
0.0,18,12.044394
1.0,29,12.049395
1.0,27,12.05403
1.0,13,12.056252
1.0,30,12.061351
1.0,29,12.06629
1.0,25,12.070637
1.0,11,12.072538
1.0,31,12.077879
0.0,15,12.080432
1.0,34,12.086212
0.0,4,12.086937
1.0,31,12.092158
1.0,32,12.097647
1.0,25,12.101973
1.0,11,12.103861
0.0,6,12.1049
1.0,29,12.109842
1.0,27,12.114536
1.0,13,12.116749
1.0,23,12.120666
1.0,33,12.126306
1.0,29,12.131272
1.0,11,12.133146
1.0,23,12.137103
1.0,29,12.142063
0.0,8,12.143454
0.0,2,12.143803
1.0,28,12.148616
1.0,31,12.153968
1.0,27,12.158619
1.0,11,12.160499
1.0,24,12.164604
1.0,49,12.172949
1.0,31,12.178309
1.0,11,12.180195
0.0,18,12.183304
1.0,36,12.189376
0.0,8,12.190765
1.0,11,12.192656
1.0,24,12.196795
1.0,35,12.2028
1.0,25,12.207111
1.0,15,12.209684
0.0,4,12.210374
1.0,35,12.21633
1.0,29,12.221264
0.0,6,12.222308
1.0,24,12.226409
0.0,18,12.229473
0.0,14,12.231883
1.0,11,12.233771
1.0,27,12.238336
1.0,35,12.244268
0.0,6,12.245309
1.0,13,12.247538
0.0,17,12.250482
1.0,30,12.2556
1.0,25,12.259914
1.0,11,12.261807
0.0,17,12.264745
1.0,30,12.269847
1.0,29,12.274845
0.0,9,12.276423
1.0,23,12.280322
1.0,29,12.28528
1.0,27,12.289905
1.0,11,12.291784
1.0,23,12.295725
1.0,38,12.302218
1.0,28,12.307056
1.0,11,12.30894
0.0,6,12.309968
1.0,31,12.315257
1.0,31,12.320621
1.0,11,12.322506
1.0,25,12.326819
1.0,31,12.332097
1.0,30,12.337253
0.0,9,12.338804
0.0,6,12.339822
0.0,6,12.340863
0.0,8,12.342252
1.0,11,12.344138
1.0,23,12.348057
1.0,37,12.35423
1.0,27,12.358929
1.0,13,12.361164
1.0,26,12.365581
1.0,32,12.371071
1.0,28,12.375888
1.0,13,12.378108
1.0,23,12.382052
1.0,34,12.387868
1.0,28,12.392719
0.0,4,12.393408
1.0,23,12.397324
0.0,27,12.401938
0.0,31,12.407247
1.0,11,12.409136
1.0,25,12.413394
1.0,32,12.41884
1.0,25,12.423144
1.0,12,12.425204
1.0,24,12.42932
1.0,33,12.434958
1.0,27,12.439658
1.0,13,12.441867
1.0,27,12.446425
0.0,30,12.451557
1.0,30,12.456728
0.0,4,12.457422
1.0,23,12.461379
0.0,28,12.466193
1.0,26,12.470695
1.0,11,12.472585
1.0,23,12.476499
0.0,26,12.480944
1.0,29,12.485903
1.0,11,12.487785
1.0,25,12.492084
0.0,4,12.492778
1.0,27,12.497414
1.0,17,12.500293
1.0,26,12.504781
1.0,39,12.511402
0.0,4,12.512096
1.0,11,12.513982
1.0,25,12.518177
1.0,31,12.523467
1.0,27,12.528124
1.0,11,12.530003
1.0,27,12.534589
1.0,36,12.540743
1.0,29,12.545758
1.0,14,12.548147
1.0,25,12.552443
1.0,37,12.55875
1.0,27,12.563393
1.0,11,12.565277
1.0,24,12.569352
1.0,37,12.575631
1.0,27,12.581215
0.0,9,12.582779
1.0,25,12.587023
0.0,10,12.588738
1.0,31,12.594058
1.0,11,12.595946
1.0,23,12.599881
1.0,33,12.605487
1.0,29,12.610395
1.0,14,12.612759
1.0,26,12.617212
1.0,34,12.623028
1.0,29,12.628012
1.0,11,12.62989
1.0,27,12.634466
1.0,34,12.640276
0.0,20,12.64368
1.0,11,12.645565
1.0,25,12.649874
1.0,32,12.655332
1.0,29,12.66037
1.0,14,12.662752
1.0,25,12.666975
0.0,23,12.670939
1.0,25,12.675229
1.0,11,12.677132
0.0,4,12.677816
1.0,29,12.682785
1.0,25,12.687123
1.0,14,12.689432
1.0,30,12.694522
1.0,33,12.700197
0.0,17,12.70309
1.0,11,12.704977
1.0,28,12.70978
1.0,35,12.715743
1.0,29,12.720725
1.0,11,12.722604
1.0,23,12.726566
1.0,37,12.732881
0.0,6,12.73391
1.0,11,12.735798
1.0,23,12.739709
1.0,31,12.745013
1.0,28,12.749853
1.0,13,12.752073
1.0,27,12.756674
1.0,29,12.761678
1.0,30,12.766818
1.0,11,12.768705
1.0,27,12.773253
1.0,32,12.778679
1.0,28,12.783488
1.0,11,12.785361
1.0,25,12.789614
1.0,31,12.794943
1.0,27,12.799652
1.0,11,12.801532
1.0,24,12.805603
0.0,7,12.80682
0.0,18,12.809905
0.0,4,12.810599
1.0,29,12.815494
0.0,11,12.81739
1.0,26,12.821847
1.0,16,12.824557
1.0,26,12.82904
1.0,32,12.834516
1.0,27,12.839146
1.0,11,12.84102
1.0,23,12.845009
1.0,24,12.849098
1.0,29,12.854093
1.0,12,12.856139
1.0,33,12.861789
1.0,30,12.86694
1.0,29,12.871914
1.0,11,12.873804
1.0,23,12.877787
1.0,34,12.883619
0.0,6,12.884657
1.0,11,12.886533
1.0,31,12.8918
1.0,36,12.897916
1.0,27,12.902546
0.0,9,12.904106
0.0,19,12.907394
1.0,32,12.912883
0.0,19,12.916134
1.0,11,12.918029
1.0,23,12.921976
1.0,32,12.927449
1.0,27,12.932136
1.0,11,12.934024
1.0,23,12.937972
1.0,36,12.944096
1.0,29,12.949062
1.0,11,12.950948
1.0,24,12.955073
1.0,33,12.960766
1.0,30,12.965902
1.0,11,12.967793
0.0,18,12.970876
0.0,28,12.975685
0.0,16,12.9784
1.0,13,12.980616
1.0,25,12.984918
1.0,31,12.990176
1.0,27,12.994875
1.0,12,12.996927
0.0,16,12.999647
1.0,36,13.005803
1.0,34,13.01166
1.0,11,13.013531
0.0,26,13.01792
1.0,29,13.022902
1.0,25,13.027213
1.0,11,13.029106
1.0,24,13.033231
1.0,39,13.039844
1.0,29,13.044869
1.0,12,13.046918
1.0,27,13.051562
1.0,33,13.057171
0.0,8,13.058559
1.0,12,13.060623
0.0,12,13.062707
0.0,4,13.063401
1.0,25,13.067753
1.0,13,13.069959
1.0,32,13.075341
1.0,31,13.080666
1.0,29,13.085682
1.0,13,13.087937
1.0,23,13.09185
0.0,21,13.095482
1.0,27,13.100172
1.0,13,13.102398
0.0,21,13.106013
1.0,35,13.111991
1.0,33,13.117638
1.0,11,13.119527
1.0,27,13.124162
0.0,4,13.124864
0.0,26,13.129314
1.0,13,13.131511
1.0,28,13.136282
1.0,34,13.142103
0.0,8,13.143499
1.0,11,13.145384
1.0,33,13.150978
1.0,32,13.156492
1.0,25,13.160813
0.0,9,13.162361
1.0,31,13.167627
1.0,38,13.174098
1.0,33,13.179813
1.0,11,13.181695
1.0,32,13.187163
0.0,18,13.190233
0.0,23,13.19421
1.0,11,13.196099
1.0,32,13.20154
1.0,30,13.206679
1.0,30,13.211881
1.0,11,13.213765
1.0,25,13.218057
1.0,36,13.224199
1.0,27,13.228894
1.0,11,13.230777
1.0,23,13.23472
1.0,37,13.241042
1.0,29,13.246065
1.0,11,13.247957
1.0,25,13.252248
0.0,8,13.253626
1.0,29,13.258568
1.0,11,13.260464
1.0,31,13.265749
0.0,8,13.267138
0.0,16,13.269896
1.0,13,13.272079
1.0,25,13.276376
1.0,36,13.282517
1.0,30,13.287665
1.0,11,13.289544
1.0,27,13.294188
1.0,32,13.29968
1.0,32,13.305133
1.0,11,13.307019
1.0,25,13.311269
1.0,32,13.316727
1.0,27,13.321389
1.0,11,13.323268
1.0,25,13.327581
1.0,35,13.333561
0.0,4,13.334255
1.0,13,13.336468
1.0,23,13.340401
1.0,35,13.346356
0.0,4,13.347082
0.0,2,13.34743
0.0,10,13.349148
1.0,32,13.35462
1.0,27,13.359301
1.0,11,13.361193
1.0,28,13.365958
0.0,18,13.369056
0.0,7,13.370264
1.0,12,13.372282
1.0,24,13.376395
0.0,18,13.379494
0.0,21,13.383091
1.0,11,13.384979
0.0,6,13.38602
1.0,33,13.391664
1.0,31,13.39695
1.0,11,13.398836
1.0,23,13.402759
0.0,15,13.405333
1.0,29,13.410382
1.0,12,13.412431
1.0,24,13.416535
1.0,30,13.421677
1.0,25,13.426033
1.0,12,13.428087
1.0,23,13.432016
0.0,25,13.436314
1.0,31,13.44167
1.0,13,13.443858
1.0,23,13.447833
1.0,31,13.453102
1.0,28,13.457937
1.0,11,13.459831
1.0,23,13.463748
1.0,31,13.469077
1.0,26,13.473577
1.0,11,13.475467
1.0,26,13.479982
1.0,31,13.485249
0.0,4,13.485943
1.0,11,13.487823
1.0,23,13.491751
0.0,10,13.493484
1.0,27,13.498177
0.0,2,13.498526
1.0,24,13.502635
0.0,15,13.505201
1.0,25,13.509513
1.0,15,13.512063
1.0,24,13.516133
1.0,34,13.521926
0.0,4,13.522611
0.0,2,13.522957
0.0,7,13.524158
0.0,9,13.525721
1.0,29,13.530696
1.0,13,13.532921
1.0,28,13.537725
1.0,29,13.542688
0.0,14,13.545109
1.0,15,13.547624
1.0,31,13.552879
0.0,21,13.556466
0.0,20,13.559895
0.0,8,13.56126
1.0,25,13.565521
1.0,31,13.570834
0.0,8,13.572221
1.0,15,13.574752
1.0,27,13.579347
1.0,29,13.584306
0.0,19,13.58756
1.0,11,13.589437
1.0,25,13.593717
1.0,29,13.598679
0.0,16,13.601445
0.0,9,13.603007
1.0,25,13.607318
1.0,31,13.612663
1.0,31,13.617972
1.0,12,13.620006
0.0,4,13.620691
1.0,29,13.625663
0.0,6,13.626707
0.0,9,13.628259
1.0,23,13.632167
1.0,30,13.637273
1.0,27,13.641886
1.0,15,13.644439
1.0,25,13.648725
0.0,7,13.649937
1.0,27,13.654599
1.0,11,13.656484
0.0,19,13.659735
0.0,9,13.661287
0.0,4,13.661979
1.0,13,13.6642
1.0,27,13.668797
0.0,26,13.673241
1.0,27,13.677952
1.0,14,13.68034
1.0,26,13.684717
1.0,33,13.690374
1.0,30,13.695518
1.0,15,13.698071
1.0,23,13.701985
0.0,7,13.703185
1.0,27,13.707822
1.0,14,13.710219
1.0,36,13.716316
1.0,36,13.722469
1.0,27,13.727131
1.0,18,13.730189
1.0,25,13.734429
1.0,32,13.739914
1.0,27,13.744571
1.0,13,13.746883
0.0,20,13.750339
0.0,8,13.751727
1.0,32,13.757207
1.0,12,13.759255
1.0,25,13.763559
1.0,33,13.769214
1.0,31,13.774512
1.0,13,13.776747
1.0,23,13.780667
1.0,29,13.785674
0.0,4,13.786385
1.0,11,13.788278
1.0,27,13.79289
1.0,30,13.798036
1.0,30,13.803231
1.0,12,13.805297
1.0,25,13.809623
1.0,29,13.814636
1.0,35,13.820643
1.0,13,13.822869
1.0,24,13.827017
0.0,11,13.828899
1.0,25,13.833207
0.0,2,13.833558
1.0,30,13.838651
0.0,26,13.843142
1.0,29,13.84813
1.0,12,13.850179
1.0,23,13.854143
0.0,15,13.856709
1.0,30,13.861854
1.0,11,13.863727
1.0,35,13.869672
1.0,32,13.875181
1.0,33,13.880882
1.0,11,13.88276
1.0,23,13.886709
1.0,34,13.892501
1.0,34,13.898361
1.0,11,13.900247
0.0,23,13.904205
1.0,31,13.909488
1.0,27,13.914144
1.0,13,13.916367
1.0,28,13.921178
1.0,32,13.926671
1.0,29,13.931683
1.0,12,13.933732
1.0,25,13.937997
1.0,30,13.943144
1.0,31,13.948489
0.0,6,13.949528
1.0,23,13.953438
1.0,33,13.959104
1.0,27,13.963741
1.0,11,13.965638
1.0,23,13.969561
0.0,9,13.971116
0.0,8,13.972503
1.0,15,13.975076
1.0,25,13.979329
1.0,31,13.984631
1.0,29,13.989625
0.0,6,13.990666
1.0,23,13.994582
0.0,6,13.995627
1.0,31,14.001003
1.0,11,14.002887
1.0,24,14.007015
1.0,33,14.012614
1.0,26,14.01712
1.0,13,14.019344
0.0,16,14.022065
0.0,21,14.025665
1.0,31,14.030995
0.0,4,14.031676
1.0,25,14.035964
1.0,39,14.042629
1.0,26,14.047163
1.0,14,14.049552
0.0,18,14.052611
1.0,33,14.058241
1.0,31,14.063614
1.0,13,14.065847
1.0,26,14.070322
1.0,31,14.075611
1.0,25,14.079978
1.0,12,14.082031
0.0,16,14.084785
1.0,29,14.08979
1.0,27,14.09444
1.0,11,14.096341
1.0,24,14.100446
1.0,31,14.10576
1.0,28,14.110544
1.0,11,14.112427
1.0,24,14.11654
1.0,32,14.12204
1.0,29,14.127039
1.0,11,14.128918
1.0,27,14.13354
0.0,27,14.138177
1.0,33,14.143851
1.0,11,14.145738
0.0,12,14.147802
1.0,36,14.153925
1.0,29,14.158939
1.0,11,14.160826
1.0,27,14.16541
0.0,2,14.165758
1.0,29,14.170752
1.0,11,14.172638
1.0,26,14.177054
1.0,34,14.182875
1.0,25,14.187184
1.0,11,14.189065
1.0,29,14.194033
1.0,30,14.199196
1.0,25,14.203493
1.0,19,14.206725
1.0,27,14.211368
1.0,39,14.218004
1.0,28,14.222846
1.0,11,14.224724
1.0,29,14.229682
0.0,4,14.230378
1.0,31,14.235693
1.0,11,14.237588
0.0,8,14.238961
1.0,32,14.244463
1.0,25,14.248767
1.0,11,14.250647
1.0,25,14.254868
1.0,30,14.260007
1.0,29,14.265043
1.0,12,14.267089
1.0,24,14.271183
1.0,34,14.276963
1.0,31,14.282259
1.0,13,14.284485
1.0,27,14.28908
1.0,33,14.294732
1.0,26,14.299213
1.0,11,14.301098
1.0,26,14.305567
1.0,26,14.31
1.0,25,14.314284
1.0,11,14.316167
1.0,25,14.320457
0.0,19,14.323718
1.0,29,14.328746
1.0,13,14.330964
1.0,24,14.335085
1.0,32,14.340532
1.0,25,14.34489
1.0,15,14.347447
0.0,16,14.350175
1.0,30,14.35531
1.0,31,14.360597
1.0,12,14.362648
1.0,29,14.36754
1.0,32,14.373034
1.0,25,14.377336
1.0,13,14.379562
1.0,33,14.385177
1.0,30,14.390329
1.0,34,14.396152
1.0,14,14.398546
1.0,27,14.403149
1.0,30,14.408288
1.0,32,14.413815
0.0,4,14.41451
1.0,24,14.418632
0.0,8,14.42002
1.0,27,14.424649
1.0,13,14.426866
1.0,26,14.431251
0.0,32,14.436715
1.0,27,14.441395
1.0,11,14.443289
1.0,23,14.447259
1.0,39,14.453873
1.0,29,14.458873
1.0,13,14.461101
1.0,23,14.465055
1.0,35,14.47104
1.0,27,14.47571
1.0,13,14.477933
0.0,11,14.479823
1.0,31,14.485169
1.0,32,14.490691
1.0,11,14.492588
1.0,25,14.49677
1.0,36,14.502894
1.0,30,14.508069
0.0,9,14.509643
1.0,26,14.514104
1.0,36,14.520262
0.0,16,14.523002
1.0,11,14.524879
1.0,23,14.52883
0.0,8,14.53021
1.0,26,14.53471
1.0,12,14.536763
0.0,6,14.537794
1.0,40,14.544626
1.0,25,14.548971
0.0,2,14.549322
1.0,25,14.553584
1.0,35,14.559538
1.0,26,14.563973
1.0,11,14.565854
0.0,19,14.569095
0.0,17,14.572016
0.0,17,14.574956
1.0,12,14.577013
1.0,31,14.582297
1.0,34,14.588112
1.0,25,14.59241
1.0,13,14.594823
1.0,27,14.599546
0.0,2,14.599894
1.0,28,14.604689
1.0,13,14.606905
0.0,14,14.609288
1.0,32,14.614753
0.0,14,14.617169
1.0,11,14.619041
0.0,17,14.621971
1.0,39,14.628578
1.0,26,14.633038
1.0,12,14.635045
1.0,27,14.639661
1.0,38,14.646176
1.0,28,14.651019
1.0,11,14.652907
0.0,6,14.653941
1.0,32,14.65944
1.0,28,14.664272
1.0,13,14.666494
1.0,27,14.671042
0.0,19,14.674332
1.0,29,14.679338
1.0,13,14.681565
1.0,23,14.685525
1.0,36,14.69171
1.0,29,14.696689
1.0,15,14.699191
1.0,25,14.703471
0.0,16,14.706212
1.0,30,14.711414
1.0,14,14.713797
1.0,27,14.718444
1.0,30,14.723588
1.0,25,14.727941
1.0,13,14.730168
1.0,29,14.735063
0.0,10,14.736761
1.0,31,14.742046
1.0,11,14.743949
0.0,20,14.747383
0.0,25,14.751655
1.0,32,14.757139
1.0,11,14.759028
1.0,24,14.763162
1.0,33,14.768783
1.0,25,14.773128
1.0,11,14.775015
1.0,27,14.779621
1.0,29,14.784631
1.0,27,14.789282
1.0,12,14.791334
1.0,25,14.795592
1.0,33,14.801276
1.0,26,14.805756
1.0,11,14.807646
1.0,24,14.811749
1.0,30,14.816881
1.0,27,14.821524
1.0,15,14.824056
1.0,25,14.828384
0.0,4,14.829079
1.0,27,14.833754
1.0,11,14.835644
0.0,14,14.838026
1.0,37,14.844375
1.0,32,14.849882
1.0,12,14.851931
1.0,23,14.855897
0.0,7,14.857109
1.0,26,14.861636
1.0,11,14.863524
1.0,23,14.867454
0.0,14,14.869857
0.0,23,14.873805
1.0,12,14.875875
1.0,30,14.88101
1.0,42,14.88821
1.0,31,14.893537
1.0,11,14.895428
1.0,26,14.899885
1.0,32,14.905398
1.0,25,14.909763
0.0,2,14.910116
1.0,23,14.914078
1.0,29,14.919062
0.0,14,14.921482
1.0,11,14.923372
1.0,27,14.928032
1.0,34,14.933869
0.0,4,14.934562
1.0,11,14.936451
1.0,35,14.942465
0.0,27,14.947096
1.0,27,14.951786
1.0,11,14.953675
0.0,6,14.954713
0.0,20,14.958137
1.0,29,14.963173
0.0,7,14.96439
1.0,26,14.968806
1.0,29,14.973801
1.0,27,14.978518
1.0,11,14.9804
1.0,25,14.984709
1.0,38,14.991225
1.0,27,14.995846
1.0,12,14.997903
1.0,23,15.00187
1.0,31,15.007197
1.0,27,15.011881
1.0,12,15.013927
1.0,25,15.018236
1.0,30,15.023388
0.0,6,15.024424
1.0,11,15.026326
1.0,23,15.03027
1.0,31,15.035601
1.0,29,15.040593
0.0,8,15.041973
1.0,24,15.046089
1.0,33,15.051758
0.0,12,15.053843
1.0,14,15.056235
1.0,23,15.060203
0.0,19,15.063476
1.0,30,15.068628
1.0,18,15.071674
0.0,12,15.07374
1.0,30,15.078888
1.0,31,15.084198
0.0,4,15.084894
1.0,23,15.088828
1.0,38,15.09534
1.0,25,15.099694
1.0,11,15.101584
1.0,23,15.105539
1.0,32,15.111067
1.0,30,15.116246
1.0,14,15.118639
0.0,17,15.121564
1.0,33,15.127224
0.0,21,15.130821
1.0,15,15.13339
1.0,27,15.13804
1.0,34,15.143879
1.0,33,15.149542
1.0,16,15.152229
1.0,23,15.156166
1.0,33,15.161782
1.0,32,15.167263
1.0,14,15.169639
0.0,11,15.171518
1.0,36,15.177701
0.0,8,15.179093
1.0,15,15.181649
0.0,19,15.184881
1.0,32,15.190368
1.0,33,15.196019
1.0,11,15.197913
0.0,19,15.20118
1.0,30,15.20633
1.0,27,15.211001
1.0,11,15.212888
1.0,23,15.21685
1.0,30,15.22199
1.0,28,15.226851
1.0,11,15.228736
1.0,33,15.234306
1.0,32,15.239792
1.0,26,15.244305
1.0,12,15.246354
1.0,26,15.25083
1.0,32,15.256278
1.0,25,15.260636
1.0,11,15.262513
1.0,23,15.266415
1.0,35,15.272412
1.0,29,15.277397
1.0,11,15.279285
1.0,26,15.283757
1.0,38,15.290238
1.0,26,15.294747
0.0,9,15.296298
1.0,23,15.300254
0.0,4,15.300951
1.0,25,15.305315
1.0,12,15.307372
0.0,6,15.308395
1.0,35,15.314379
0.0,20,15.317829
1.0,12,15.319836
1.0,27,15.324458
1.0,34,15.33025
1.0,28,15.335092
1.0,13,15.337305
0.0,19,15.340554
0.0,4,15.341251
1.0,26,15.345727
1.0,11,15.347598
1.0,26,15.352004
0.0,17,15.354924
1.0,27,15.359583
1.0,11,15.361474
0.0,8,15.362856
1.0,32,15.368374
1.0,31,15.373679
1.0,11,15.375565
0.0,8,15.376965
0.0,6,15.37801
1.0,29,15.382976
1.0,11,15.384867
0.0,19,15.388079
1.0,32,15.393584
1.0,26,15.398086
1.0,16,15.400811
0.0,6,15.401852
1.0,30,15.407012
0.0,16,15.409741
1.0,11,15.411628
1.0,24,15.415709
1.0,35,15.421664
1.0,25,15.42601
1.0,12,15.428057
1.0,26,15.432479
1.0,33,15.438147
1.0,29,15.443137
1.0,11,15.445021
0.0,24,15.449085
1.0,33,15.454711
1.0,29,15.459698
1.0,11,15.461584
0.0,8,15.463017
1.0,30,15.468182
1.0,32,15.473592
1.0,14,15.475942
1.0,30,15.48108
1.0,32,15.48655
1.0,29,15.491516
1.0,11,15.493413
0.0,18,15.496464
1.0,35,15.502538
1.0,27,15.507181
1.0,12,15.509251
1.0,25,15.513558
1.0,38,15.520068
0.0,17,15.523025
0.0,2,15.523375
1.0,27,15.528023
0.0,29,15.533036
1.0,27,15.537698
1.0,11,15.539582
1.0,30,15.544691
0.0,8,15.54607
1.0,28,15.55086
1.0,13,15.553088
1.0,23,15.557034
1.0,39,15.563678
1.0,27,15.568371
1.0,11,15.570257
0.0,6,15.571287
1.0,31,15.576577
0.0,4,15.577264
1.0,11,15.579154
1.0,27,15.583863
0.0,4,15.584549
1.0,30,15.589725
1.0,13,15.591945
1.0,28,15.596774
1.0,31,15.602246
1.0,29,15.607277
1.0,11,15.609173
1.0,27,15.613801
0.0,16,15.616547
1.0,29,15.621565
1.0,14,15.623962
1.0,25,15.628249
1.0,34,15.634107
0.0,18,15.637156
1.0,11,15.639043
1.0,23,15.642966
1.0,38,15.649474
0.0,4,15.650181
1.0,15,15.652709
0.0,17,15.65561
0.0,10,15.65734
1.0,29,15.662332
1.0,11,15.664224
1.0,27,15.668828
1.0,35,15.674834
1.0,27,15.679492
1.0,11,15.681382
1.0,27,15.686061
1.0,29,15.69104
1.0,26,15.695562
1.0,11,15.697451
1.0,26,15.701933
0.0,6,15.702975
1.0,25,15.70729
1.0,11,15.709183
1.0,25,15.71346
1.0,30,15.718596
0.0,21,15.72218
1.0,11,15.724068
0.0,6,15.725098
1.0,33,15.730776
1.0,27,15.735433
1.0,11,15.737311
1.0,31,15.742577
1.0,36,15.748736
1.0,27,15.753421
1.0,13,15.755613
0.0,14,15.758007
1.0,30,15.763186
1.0,31,15.768562
0.0,10,15.77029
1.0,24,15.774345
0.0,7,15.775569
1.0,27,15.780231
1.0,11,15.782123
1.0,29,15.787074
1.0,38,15.793572
1.0,25,15.797925
1.0,13,15.800141
0.0,4,15.800837
1.0,34,15.806602
1.0,25,15.811001
1.0,11,15.812894
0.0,16,15.815854
1.0,31,15.821637
1.0,27,15.826436
1.0,13,15.828705
1.0,23,15.832753
1.0,29,15.838099
1.0,29,15.843273
0.0,7,15.844491
1.0,26,15.848978
1.0,29,15.854001
1.0,29,15.859038
0.0,4,15.859754
1.0,25,15.864005
1.0,31,15.869336
0.0,22,15.873105
1.0,18,15.876138
0.0,15,15.878648
0.0,11,15.880524
1.0,25,15.884865
1.0,13,15.887073
1.0,23,15.891011
0.0,25,15.895298
1.0,30,15.900539
1.0,13,15.902764
1.0,25,15.90701
1.0,31,15.912329
1.0,25,15.916681
1.0,11,15.918572
1.0,29,15.923538
1.0,29,15.928526
1.0,31,15.933773
1.0,12,15.935786
0.0,14,15.938193
1.0,33,15.943804
1.0,29,15.948779
1.0,11,15.95067
0.0,18,15.95374
1.0,42,15.960832
0.0,10,15.962556
0.0,6,15.963601
1.0,26,15.968024
1.0,30,15.973162
1.0,28,15.977991
1.0,11,15.979882
1.0,24,15.983995
1.0,31,15.989289
1.0,25,15.993592
1.0,12,15.995648
1.0,26,16.000119
1.0,37,16.006447
0.0,19,16.009702
1.0,11,16.01159
1.0,26,16.016007
1.0,31,16.021343
1.0,25,16.025655
1.0,11,16.027542
1.0,25,16.031802
1.0,31,16.037077
1.0,25,16.041385
1.0,11,16.043275
1.0,25,16.047549
1.0,31,16.052864
1.0,33,16.058526
1.0,13,16.060762
0.0,12,16.062813
1.0,39,16.069445
0.0,6,16.070488
0.0,6,16.07153
1.0,25,16.075829
1.0,35,16.081773
1.0,31,16.087145
1.0,11,16.089035
1.0,25,16.093282
1.0,34,16.099077
1.0,27,16.103733
1.0,11,16.105624
0.0,5,16.106483
1.0,31,16.111793
1.0,27,16.116466
1.0,11,16.118368
1.0,27,16.122951
1.0,29,16.127928
1.0,27,16.132601
1.0,11,16.134505
0.0,12,16.136561
1.0,33,16.142185
1.0,28,16.146956
1.0,18,16.15
1.0,23,16.153923
1.0,29,16.15891
1.0,27,16.163544
0.0,8,16.164927
1.0,26,16.169356
1.0,34,16.175112
0.0,8,16.176499
0.0,8,16.17788
1.0,33,16.183467
1.0,35,16.189429
0.0,4,16.190122
1.0,11,16.192009
1.0,27,16.196628
1.0,31,16.201914
1.0,34,16.20777
1.0,12,16.209831
0.0,16,16.212579
1.0,32,16.218036
1.0,29,16.223026
1.0,11,16.224914
1.0,23,16.228885
1.0,41,16.235879
0.0,12,16.237969
1.0,16,16.240688
1.0,25,16.244951
0.0,23,16.248908
1.0,25,16.253203
1.0,13,16.255432
1.0,29,16.260342
0.0,23,16.264321
1.0,27,16.268993
1.0,11,16.27088
1.0,25,16.275139
1.0,35,16.281156
0.0,23,16.285023
1.0,15,16.287554
1.0,26,16.291965
0.0,30,16.297122
1.0,26,16.301635
1.0,11,16.303523
0.0,16,16.306285
1.0,34,16.312121
1.0,25,16.316463
1.0,11,16.318348
0.0,14,16.320759
1.0,42,16.327939
1.0,25,16.332273
1.0,11,16.334152
1.0,25,16.338398
1.0,30,16.343549
0.0,19,16.346825
1.0,11,16.348717
1.0,28,16.353467
1.0,36,16.35964
0.0,14,16.362052
1.0,14,16.364439
1.0,29,16.369371
0.0,4,16.370069
1.0,26,16.37457
0.0,9,16.376123
1.0,24,16.380251
1.0,34,16.386027
1.0,25,16.390333
1.0,11,16.392214
1.0,29,16.39715
1.0,32,16.402621
0.0,6,16.403645
1.0,11,16.405527
1.0,27,16.410209
1.0,34,16.416045
0.0,21,16.419675
1.0,11,16.421556
1.0,23,16.425459
1.0,31,16.430774
1.0,25,16.435106
1.0,15,16.437659
1.0,25,16.44196
0.0,14,16.444352
1.0,31,16.449707
1.0,13,16.451927
1.0,23,16.455888
0.0,28,16.460726
0.0,14,16.463114
1.0,12,16.465163
1.0,25,16.46942
1.0,32,16.474882
0.0,22,16.478684
1.0,11,16.480569
1.0,27,16.485151
1.0,32,16.490639
1.0,25,16.494988
1.0,11,16.496875
0.0,2,16.497215
1.0,33,16.502869
1.0,28,16.507598
1.0,11,16.509489
1.0,27,16.514082
0.0,18,16.517151
1.0,25,16.521496
1.0,13,16.523718
1.0,27,16.528261
1.0,35,16.534235
1.0,32,16.539736
1.0,11,16.541632
1.0,23,16.54553
1.0,35,16.551519
1.0,27,16.556205
1.0,11,16.558091
1.0,27,16.562652
1.0,30,16.5678
1.0,25,16.572133
1.0,11,16.574003
1.0,29,16.578924
0.0,29,16.583881
1.0,25,16.588208
1.0,11,16.590089
1.0,29,16.595011
1.0,33,16.600772
0.0,14,16.603356
1.0,13,16.605589
1.0,31,16.610884
1.0,36,16.617069
0.0,19,16.620319
1.0,13,16.622543
1.0,27,16.627173
1.0,32,16.632615
1.0,29,16.637639
1.0,13,16.639861
1.0,25,16.64416
0.0,27,16.648784
1.0,34,16.654593
1.0,11,16.656481
1.0,31,16.661792
1.0,34,16.667622
1.0,27,16.672291
1.0,11,16.674174
1.0,27,16.678813
1.0,32,16.684296
1.0,38,16.690811
1.0,11,16.692715
1.0,27,16.697353
1.0,32,16.702837
1.0,29,16.707818
1.0,13,16.710051
0.0,8,16.711438
1.0,34,16.717277
1.0,29,16.722262
1.0,13,16.724481
1.0,28,16.729289
1.0,32,16.734783
1.0,29,16.739755
1.0,14,16.742132
1.0,27,16.746786
1.0,33,16.752469
1.0,31,16.757778
1.0,11,16.759683
1.0,31,16.764985
1.0,32,16.770494
1.0,29,16.775482
1.0,11,16.777338
1.0,23,16.781249
1.0,36,16.78741
1.0,30,16.792551
1.0,11,16.79444
1.0,27,16.79911
0.0,10,16.800836
0.0,20,16.80429
1.0,12,16.80634
1.0,27,16.810969
1.0,35,16.81696
1.0,27,16.821655
1.0,13,16.823842
0.0,6,16.824882
1.0,33,16.830521
1.0,25,16.834819
1.0,11,16.83671
1.0,25,16.841021
1.0,29,16.846017
1.0,32,16.851542
1.0,11,16.853433
1.0,24,16.857567
1.0,30,16.862717
1.0,25,16.867039
1.0,11,16.868921
1.0,27,16.873526
0.0,9,16.87508
1.0,28,16.879929
0.0,6,16.880969
1.0,25,16.885247
1.0,40,16.892077
1.0,27,16.8967
1.0,14,16.899096
1.0,23,16.903066
1.0,36,16.909224
1.0,27,16.913867
1.0,11,16.915756
0.0,4,16.91645
1.0,33,16.922081
1.0,31,16.927448
1.0,12,16.929497
0.0,4,16.930214
1.0,33,16.935803
1.0,33,16.941466
1.0,13,16.943705
1.0,23,16.947676
1.0,35,16.953668
1.0,25,16.957969
1.0,12,16.960024
1.0,24,16.964068
1.0,37,16.970333
1.0,25,16.974633
0.0,2,16.974983
1.0,26,16.979433
1.0,31,16.984659
1.0,25,16.988994
1.0,13,16.991219
1.0,25,16.995474
1.0,34,17.001282
1.0,32,17.006761
0.0,6,17.007796
1.0,30,17.012904
0.0,7,17.014113
1.0,31,17.019447
1.0,11,17.021334
1.0,25,17.02558
1.0,29,17.030565
1.0,25,17.0349
0.0,7,17.036099
1.0,27,17.040701
1.0,35,17.046692
1.0,25,17.051038
1.0,14,17.053417
1.0,27,17.058019
1.0,31,17.063339
1.0,27,17.067969
1.0,11,17.069859
0.0,8,17.071235
1.0,34,17.077051
1.0,27,17.081739
0.0,2,17.082088
1.0,29,17.087012
1.0,33,17.092683
1.0,25,17.09699
1.0,15,17.099546
1.0,26,17.103959
1.0,31,17.109271
1.0,27,17.113905
1.0,11,17.11579
0.0,12,17.117861
0.0,16,17.120586
1.0,27,17.125219
0.0,9,17.126798
1.0,32,17.132121
1.0,33,17.137766
1.0,27,17.142436
1.0,11,17.14432
1.0,27,17.148917
1.0,36,17.155079
1.0,26,17.1596
1.0,11,17.161479
0.0,4,17.162163
1.0,35,17.168137
1.0,27,17.172783
0.0,4,17.173479
1.0,30,17.17859
0.0,34,17.184534
