#{"t_start": 1715448142.890046, "env_id": "Office-single-v0"}
r,l,t
0.0,84,0.005677
0.0,31,0.007538
1.0,98,0.013342
0.0,18,0.01441
0.0,50,0.017186
0.0,17,0.01813
0.0,44,0.020544
1.0,191,0.030783
0.0,16,0.03163
0.0,39,0.033708
0.0,38,0.035758
0.0,31,0.037376
1.0,13,0.038058
0.0,29,0.039568
0.0,45,0.041916
0.0,24,0.043157
0.0,66,0.046543
1.0,84,0.050879
1.0,33,0.052594
0.0,31,0.054197
0.0,12,0.054824
0.0,43,0.05704
0.0,36,0.058901
0.0,5,0.059173
0.0,58,0.062154
0.0,84,0.06659
1.0,202,0.077014
0.0,105,0.082444
1.0,67,0.085911
0.0,90,0.090587
0.0,70,0.094191
0.0,29,0.095689
0.0,113,0.101537
0.0,22,0.102681
0.0,35,0.104496
0.0,51,0.107138
0.0,39,0.109155
0.0,49,0.111688
0.0,52,0.114372
0.0,106,0.119885
1.0,19,0.120873
0.0,47,0.123302
0.0,33,0.125011
0.0,82,0.129234
1.0,97,0.134247
0.0,55,0.137092
0.0,85,0.141445
1.0,98,0.146479
0.0,20,0.147518
0.0,22,0.148651
0.0,68,0.152158
1.0,27,0.153553
0.0,91,0.158243
1.0,36,0.160104
0.0,80,0.164225
0.0,13,0.164907
1.0,63,0.168169
0.0,99,0.173282
1.0,36,0.175196
0.0,12,0.17583
0.0,60,0.178929
0.0,55,0.181765
0.0,150,0.189504
1.0,56,0.192415
0.0,76,0.196367
1.0,45,0.198701
0.0,46,0.201089
0.0,123,0.207472
0.0,194,0.217557
0.0,11,0.218139
0.0,49,0.220684
1.0,131,0.227436
0.0,5,0.227709
0.0,42,0.229882
0.0,47,0.232488
0.0,64,0.236204
1.0,231,0.24821
1.0,15,0.249006
0.0,8,0.249435
0.0,20,0.250481
1.0,23,0.251677
1.0,69,0.255243
0.0,2,0.255361
0.0,19,0.256354
1.0,51,0.25898
0.0,15,0.259769
1.0,31,0.261377
0.0,17,0.262262
1.0,203,0.272749
1.0,77,0.276713
0.0,93,0.281525
0.0,5,0.28179
0.0,13,0.282477
0.0,31,0.284085
0.0,17,0.284975
1.0,63,0.288229
1.0,112,0.29405
0.0,23,0.295252
1.0,22,0.29639
1.0,64,0.299697
1.0,151,0.307508
0.0,14,0.308238
0.0,25,0.309542
0.0,43,0.311772
0.0,6,0.312092
0.0,70,0.315713
1.0,20,0.316752
1.0,97,0.321766
0.0,37,0.323689
0.0,124,0.330103
0.0,31,0.331713
1.0,28,0.333165
0.0,71,0.336825
1.0,42,0.339002
0.0,1,0.339065
1.0,144,0.346528
0.0,45,0.348856
0.0,149,0.356563
1.0,58,0.35958
1.0,66,0.362998
0.0,33,0.364733
0.0,22,0.365879
1.0,89,0.37047
0.0,22,0.371618
0.0,78,0.37565
0.0,58,0.378642
1.0,21,0.379737
1.0,138,0.386875
1.0,24,0.388124
0.0,47,0.390564
0.0,4,0.390783
0.0,9,0.391259
0.0,26,0.392621
0.0,56,0.395538
1.0,99,0.400655
0.0,23,0.401857
0.0,8,0.402283
0.0,67,0.405758
0.0,55,0.408623
1.0,152,0.416505
0.0,25,0.417806
0.0,51,0.420461
0.0,12,0.421095
0.0,119,0.427281
0.0,67,0.430777
0.0,91,0.435496
0.0,47,0.437936
0.0,19,0.438929
1.0,72,0.442643
1.0,34,0.444405
0.0,22,0.445557
1.0,224,0.457146
0.0,167,0.465771
1.0,119,0.471914
0.0,6,0.472238
1.0,79,0.476315
1.0,102,0.481573
1.0,157,0.489725
0.0,24,0.490977
0.0,5,0.491246
0.0,1,0.491308
1.0,132,0.498156
1.0,140,0.505392
0.0,11,0.505975
0.0,58,0.508975
0.0,51,0.511623
1.0,32,0.513267
1.0,27,0.514659
0.0,10,0.515191
0.0,58,0.518186
0.0,15,0.518966
0.0,22,0.520114
1.0,28,0.521569
0.0,15,0.530096
0.0,15,0.531096
0.0,43,0.533441
0.0,17,0.534366
0.0,227,0.54682
1.0,33,0.548587
1.0,176,0.557819
1.0,43,0.560067
0.0,62,0.563352
0.0,10,0.563886
0.0,5,0.564157
0.0,20,0.565223
0.0,56,0.568187
0.0,16,0.569036
1.0,36,0.570928
0.0,16,0.571775
0.0,76,0.575771
0.0,18,0.576722
0.0,57,0.579697
1.0,16,0.580544
0.0,32,0.582216
0.0,13,0.582903
0.0,41,0.585058
1.0,27,0.586468
1.0,59,0.589539
1.0,40,0.591619
0.0,15,0.592414
1.0,98,0.59756
0.0,65,0.600959
0.0,48,0.60347
0.0,46,0.605872
0.0,212,0.616913
0.0,22,0.618071
1.0,22,0.619208
1.0,145,0.626782
0.0,72,0.630537
1.0,78,0.634589
0.0,30,0.636163
0.0,8,0.63659
0.0,31,0.63821
0.0,6,0.638529
1.0,132,0.645363
1.0,241,0.657918
1.0,23,0.659119
0.0,29,0.660639
0.0,6,0.660963
0.0,21,0.662068
1.0,35,0.663876
0.0,16,0.664717
0.0,31,0.666336
1.0,208,0.677112
0.0,22,0.678264
0.0,1,0.678327
0.0,178,0.687585
1.0,244,0.700247
1.0,111,0.706023
0.0,43,0.708294
0.0,4,0.708513
1.0,27,0.709933
0.0,95,0.71486
0.0,19,0.715885
0.0,5,0.716153
0.0,19,0.71715
1.0,141,0.724458
1.0,36,0.726333
0.0,20,0.727392
0.0,25,0.728696
1.0,50,0.731292
1.0,8,0.731715
1.0,48,0.734208
0.0,29,0.735726
1.0,45,0.738084
0.0,9,0.738656
0.0,32,0.740546
0.0,11,0.741137
0.0,2,0.741249
0.0,40,0.74334
0.0,2,0.743453
1.0,235,0.755696
0.0,22,0.756862
0.0,28,0.758358
0.0,24,0.759618
0.0,183,0.769107
0.0,61,0.772285
0.0,1,0.772347
0.0,52,0.775068
0.0,91,0.779833
1.0,50,0.78245
1.0,20,0.783503
1.0,33,0.785222
0.0,15,0.786022
1.0,80,0.790192
0.0,41,0.792338
0.0,2,0.792455
0.0,12,0.7931
0.0,49,0.795661
0.0,73,0.799486
1.0,89,0.80413
0.0,39,0.806178
0.0,27,0.807601
0.0,55,0.810464
0.0,6,0.810787
0.0,13,0.811471
0.0,9,0.811956
1.0,147,0.81963
0.0,32,0.821305
0.0,294,0.836636
0.0,29,0.838164
0.0,18,0.839109
0.0,21,0.84021
0.0,15,0.841002
0.0,93,0.845889
0.0,19,0.846891
1.0,41,0.849029
0.0,4,0.849245
0.0,20,0.850293
0.0,75,0.854217
0.0,54,0.857032
0.0,63,0.860317
1.0,97,0.86537
1.0,93,0.87019
1.0,53,0.87296
1.0,114,0.878891
0.0,14,0.879632
0.0,28,0.881103
1.0,188,0.890936
0.0,89,0.895582
1.0,116,0.901625
0.0,19,0.902621
0.0,23,0.903831
0.0,6,0.904152
0.0,101,0.909437
0.0,14,0.91018
1.0,23,0.911388
0.0,15,0.91218
0.0,183,0.921673
0.0,29,0.923196
0.0,26,0.924554
0.0,26,0.925918
0.0,127,0.93251
1.0,257,0.945867
0.0,35,0.947696
1.0,28,0.949152
0.0,6,0.949475
0.0,6,0.949797
0.0,51,0.952464
0.0,4,0.952682
1.0,79,0.95682
1.0,29,0.958332
0.0,34,0.960104
0.0,15,0.960895
0.0,27,0.962311
1.0,17,0.963196
0.0,4,0.963414
0.0,1,0.963475
0.0,12,0.964106
0.0,34,0.965881
0.0,45,0.96822
0.0,28,0.96968
1.0,28,0.971139
0.0,1,0.971202
0.0,30,0.972771
0.0,73,0.976566
1.0,9,0.977039
0.0,131,0.983817
0.0,14,0.984554
1.0,83,0.988868
0.0,14,0.989602
1.0,72,0.993352
0.0,12,0.993981
0.0,31,0.995604
1.0,94,1.000487
1.0,20,1.001533
0.0,130,1.008287
0.0,96,1.013262
0.0,29,1.014777
0.0,41,1.016917
0.0,20,1.017967
0.0,29,1.019479
0.0,23,1.020688
0.0,92,1.025493
0.0,69,1.029096
0.0,4,1.029316
0.0,182,1.038802
0.0,82,1.043077
1.0,229,1.055282
0.0,52,1.057986
1.0,165,1.066573
0.0,71,1.070284
0.0,27,1.071709
0.0,4,1.071927
0.0,8,1.072355
0.0,32,1.074023
0.0,77,1.078023
0.0,74,1.081894
0.0,137,1.089059
0.0,4,1.089282
0.0,7,1.089664
0.0,51,1.092346
1.0,59,1.095432
0.0,24,1.09669
0.0,144,1.104203
0.0,178,1.113524
0.0,52,1.116278
0.0,101,1.121537
0.0,26,1.122906
0.0,28,1.124375
0.0,21,1.125483
0.0,14,1.126219
0.0,25,1.127532
1.0,120,1.133803
0.0,3,1.133973
1.0,42,1.136169
0.0,5,1.136439
1.0,34,1.13822
1.0,40,1.140308
0.0,11,1.140899
0.0,8,1.141326
0.0,23,1.142534
1.0,26,1.143895
0.0,69,1.147497
1.0,37,1.149438
0.0,23,1.150648
0.0,39,1.152679
0.0,6,1.153002
0.0,54,1.155847
1.0,45,1.158207
0.0,9,1.158685
0.0,133,1.165691
0.0,81,1.169925
0.0,7,1.170302
0.0,11,1.170886
1.0,14,1.171617
0.0,5,1.17189
1.0,19,1.172882
1.0,25,1.174187
0.0,193,1.184271
0.0,26,1.185639
0.0,9,1.186116
1.0,29,1.187627
0.0,45,1.189988
0.0,13,1.190678
1.0,21,1.191775
1.0,20,1.192823
0.0,12,1.193461
1.0,14,1.194194
0.0,34,1.195957
0.0,9,1.196439
0.0,11,1.197025
0.0,14,1.197766
0.0,14,1.198508
1.0,15,1.1993
0.0,12,1.199946
0.0,11,1.200539
0.0,102,1.205893
0.0,11,1.20648
1.0,187,1.216236
0.0,9,1.216721
0.0,10,1.217254
1.0,77,1.221243
0.0,17,1.222137
1.0,23,1.22334
1.0,20,1.224389
0.0,7,1.224765
0.0,27,1.226176
0.0,7,1.226551
1.0,28,1.228015
0.0,22,1.229162
0.0,7,1.22954
0.0,45,1.231898
1.0,24,1.233157
1.0,17,1.234051
0.0,23,1.23525
0.0,13,1.235939
0.0,82,1.240214
1.0,62,1.243424
1.0,29,1.244939
1.0,20,1.245985
1.0,22,1.247134
0.0,18,1.248077
1.0,36,1.249947
1.0,28,1.251405
0.0,15,1.252197
0.0,31,1.253808
0.0,14,1.254551
0.0,22,1.255711
0.0,54,1.258524
0.0,12,1.259165
0.0,9,1.259646
1.0,26,1.261
1.0,45,1.26333
1.0,33,1.265048
1.0,17,1.265944
1.0,28,1.267413
0.0,11,1.267997
0.0,8,1.268423
0.0,11,1.269003
0.0,14,1.269742
0.0,13,1.270432
1.0,23,1.271634
1.0,20,1.272685
1.0,23,1.273891
0.0,14,1.274629
0.0,17,1.275522
1.0,13,1.276207
0.0,16,1.27705
0.0,11,1.277634
1.0,24,1.278891
0.0,14,1.279636
0.0,21,1.280744
0.0,7,1.281118
0.0,15,1.281911
0.0,140,1.289233
0.0,13,1.28992
1.0,27,1.291333
0.0,9,1.291811
1.0,32,1.293475
1.0,23,1.294674
1.0,19,1.295672
0.0,17,1.296567
1.0,24,1.297819
1.0,26,1.299173
0.0,20,1.300222
0.0,27,1.301635
1.0,21,1.302731
0.0,6,1.303052
0.0,7,1.303424
1.0,20,1.304476
1.0,31,1.306089
1.0,13,1.306773
0.0,92,1.311566
1.0,51,1.314226
0.0,12,1.314855
1.0,37,1.316789
0.0,18,1.317733
0.0,13,1.31842
0.0,18,1.319367
0.0,37,1.321306
1.0,82,1.325577
0.0,6,1.325902
0.0,17,1.3268
0.0,13,1.327487
0.0,16,1.328336
0.0,229,1.340272
0.0,119,1.346464
0.0,38,1.348448
1.0,54,1.351299
0.0,26,1.352658
0.0,19,1.353656
0.0,66,1.357103
1.0,31,1.35872
0.0,2,1.358834
0.0,7,1.35921
0.0,21,1.360312
1.0,37,1.362249
1.0,35,1.364077
0.0,3,1.36424
1.0,15,1.365028
1.0,8,1.365451
0.0,22,1.36661
0.0,14,1.367344
0.0,163,1.375813
1.0,41,1.377948
0.0,27,1.379357
0.0,43,1.381596
0.0,89,1.386233
0.0,78,1.390289
0.0,190,1.400195
0.0,33,1.401938
0.0,28,1.403402
1.0,146,1.410996
1.0,119,1.417234
1.0,40,1.419328
0.0,197,1.429597
0.0,27,1.431017
0.0,35,1.432848
0.0,8,1.433274
0.0,21,1.434379
0.0,4,1.434597
1.0,26,1.435951
0.0,37,1.437868
1.0,52,1.440581
1.0,55,1.443443
0.0,14,1.444177
1.0,22,1.445323
0.0,20,1.446365
1.0,18,1.447305
1.0,23,1.448498
0.0,5,1.448769
0.0,45,1.451121
0.0,65,1.454501
1.0,45,1.456843
1.0,58,1.45985
0.0,1,1.459913
0.0,70,1.46356
1.0,46,1.465944
0.0,13,1.466646
1.0,73,1.470441
0.0,9,1.470926
0.0,7,1.4713
0.0,33,1.473029
0.0,26,1.47439
0.0,14,1.475132
1.0,29,1.476648
0.0,26,1.47801
0.0,18,1.478956
0.0,21,1.480058
0.0,102,1.485394
0.0,31,1.487025
1.0,29,1.488542
0.0,14,1.489287
0.0,14,1.490023
0.0,25,1.491337
1.0,16,1.492178
1.0,30,1.493734
0.0,27,1.495139
1.0,66,1.498567
1.0,21,1.49967
0.0,8,1.500094
1.0,58,1.503102
1.0,24,1.504357
1.0,25,1.50565
0.0,17,1.506546
0.0,18,1.507492
0.0,23,1.508702
1.0,40,1.510769
0.0,8,1.511199
0.0,8,1.511626
0.0,50,1.514246
0.0,4,1.514463
1.0,170,1.523337
1.0,248,1.536253
1.0,111,1.542005
0.0,2,1.542121
0.0,63,1.545404
1.0,30,1.546959
0.0,1,1.54702
1.0,17,1.547913
1.0,32,1.549589
0.0,15,1.550377
1.0,25,1.551681
0.0,17,1.552576
0.0,14,1.553311
1.0,42,1.55549
1.0,20,1.55654
1.0,21,1.557633
1.0,36,1.559502
0.0,14,1.560237
0.0,14,1.56098
1.0,26,1.562332
0.0,16,1.563177
0.0,12,1.56381
0.0,55,1.566667
0.0,56,1.569582
0.0,64,1.572907
0.0,20,1.573958
0.0,9,1.574434
1.0,34,1.576196
0.0,20,1.577319
0.0,38,1.579289
0.0,19,1.580287
1.0,32,1.581961
0.0,12,1.582595
0.0,97,1.58762
0.0,69,1.591206
0.0,27,1.592629
0.0,31,1.594249
1.0,52,1.596957
1.0,50,1.599554
1.0,24,1.600799
0.0,11,1.601381
1.0,17,1.602264
1.0,38,1.604235
0.0,4,1.604453
0.0,22,1.605597
1.0,28,1.607057
0.0,4,1.607277
1.0,32,1.608937
1.0,43,1.61117
1.0,40,1.613274
0.0,27,1.614682
1.0,34,1.616438
0.0,23,1.617646
0.0,22,1.618799
1.0,20,1.619844
1.0,67,1.623347
1.0,24,1.624596
0.0,15,1.625382
0.0,12,1.626019
0.0,37,1.62794
1.0,47,1.630366
1.0,18,1.631336
1.0,21,1.632425
0.0,25,1.633727
0.0,19,1.634719
0.0,24,1.635974
0.0,35,1.637799
0.0,34,1.639564
1.0,45,1.641905
0.0,18,1.64285
1.0,18,1.643796
0.0,14,1.644531
0.0,21,1.645622
0.0,17,1.646521
0.0,18,1.647468
0.0,12,1.6481
0.0,38,1.650079
0.0,18,1.651022
0.0,44,1.65331
0.0,12,1.65394
1.0,22,1.655086
0.0,49,1.657627
1.0,57,1.660602
1.0,23,1.661807
0.0,17,1.662698
0.0,22,1.663849
0.0,16,1.664689
0.0,67,1.668168
0.0,69,1.671744
1.0,176,1.680872
1.0,41,1.683068
0.0,141,1.690379
0.0,188,1.700122
0.0,35,1.701947
0.0,94,1.706821
1.0,55,1.709664
0.0,46,1.712054
0.0,77,1.716046
0.0,19,1.717044
0.0,54,1.719839
0.0,77,1.723834
0.0,56,1.726749
0.0,132,1.733586
0.0,4,1.733806
0.0,30,1.735367
1.0,62,1.738588
0.0,115,1.744961
0.0,19,1.745959
0.0,11,1.746563
0.0,10,1.747094
0.0,18,1.748034
0.0,14,1.74877
0.0,8,1.749198
1.0,38,1.751189
0.0,4,1.751408
0.0,229,1.763285
0.0,80,1.767427
1.0,180,1.776759
0.0,14,1.777499
1.0,74,1.781366
0.0,44,1.783663
0.0,9,1.784148
1.0,33,1.785858
1.0,172,1.794821
0.0,34,1.796605
0.0,26,1.79797
0.0,30,1.799546
0.0,61,1.802725
0.0,22,1.803879
0.0,20,1.804921
1.0,67,1.808385
1.0,71,1.812064
1.0,29,1.8136
0.0,15,1.81439
1.0,26,1.815745
0.0,3,1.815913
0.0,5,1.816181
0.0,10,1.81671
0.0,17,1.817602
0.0,5,1.817871
0.0,54,1.820671
1.0,147,1.828315
1.0,23,1.829518
1.0,44,1.831807
0.0,13,1.832495
1.0,58,1.835501
0.0,120,1.841721
0.0,9,1.842199
0.0,15,1.842992
0.0,44,1.845291
0.0,44,1.847583
0.0,12,1.848215
0.0,10,1.84874
0.0,41,1.850884
0.0,97,1.855931
1.0,195,1.86609
0.0,97,1.871125
0.0,41,1.873265
0.0,4,1.873484
0.0,171,1.882428
0.0,19,1.88343
0.0,58,1.886459
1.0,11,1.887037
0.0,24,1.888298
1.0,43,1.890539
0.0,2,1.89065
0.0,2,1.890763
0.0,1,1.890824
0.0,46,1.893223
1.0,64,1.896542
1.0,35,1.898364
1.0,150,1.906158
1.0,94,1.911035
1.0,17,1.911926
0.0,17,1.912817
1.0,22,1.91396
0.0,29,1.915466
0.0,44,1.917754
1.0,25,1.919051
0.0,12,1.919682
0.0,29,1.9212
1.0,139,1.928443
1.0,122,1.934786
0.0,31,1.936411
0.0,21,1.937519
0.0,78,1.941578
0.0,22,1.942732
0.0,20,1.943776
0.0,24,1.945049
0.0,24,1.946306
0.0,61,1.949487
0.0,166,1.958124
1.0,156,1.966235
0.0,27,1.967642
0.0,13,1.968323
0.0,24,1.96958
0.0,59,1.972652
1.0,81,1.976877
0.0,4,1.977095
0.0,124,1.983544
0.0,39,1.985587
1.0,249,1.998535
0.0,25,1.999839
0.0,46,2.002235
1.0,63,2.0055
0.0,10,2.006033
1.0,91,2.010763
0.0,54,2.013581
1.0,159,2.021834
0.0,28,2.0233
1.0,34,2.025065
1.0,18,2.026005
0.0,24,2.027254
0.0,19,2.02825
0.0,11,2.028833
0.0,57,2.03181
1.0,115,2.037806
0.0,13,2.038495
1.0,50,2.041096
0.0,17,2.041988
1.0,70,2.045623
0.0,14,2.046361
0.0,20,2.047407
1.0,110,2.053125
0.0,42,2.055329
0.0,26,2.056691
0.0,11,2.057273
1.0,41,2.05941
0.0,35,2.061232
0.0,33,2.062953
0.0,30,2.064515
0.0,55,2.067372
0.0,39,2.069404
0.0,37,2.071341
1.0,41,2.073482
0.0,29,2.074993
0.0,23,2.076224
0.0,23,2.077417
0.0,24,2.07867
0.0,59,2.081715
0.0,65,2.085089
0.0,16,2.085926
0.0,4,2.086142
1.0,41,2.088269
0.0,37,2.090195
0.0,16,2.091055
0.0,1,2.091117
0.0,75,2.095015
0.0,21,2.096114
0.0,32,2.097782
0.0,23,2.099062
0.0,141,2.106422
0.0,74,2.110293
0.0,22,2.11146
0.0,4,2.111677
1.0,19,2.112668
0.0,8,2.113096
0.0,118,2.119257
1.0,130,2.126045
0.0,3,2.126217
0.0,11,2.126806
0.0,87,2.131353
1.0,144,2.138872
1.0,109,2.144582
0.0,1,2.144646
0.0,19,2.145643
0.0,38,2.147621
0.0,85,2.152059
0.0,37,2.153982
0.0,1,2.154045
1.0,77,2.158035
1.0,19,2.159031
0.0,12,2.159668
0.0,4,2.159888
0.0,15,2.16068
0.0,30,2.162251
1.0,73,2.166084
0.0,19,2.167077
1.0,81,2.171297
0.0,49,2.173863
0.0,9,2.17434
0.0,10,2.174868
0.0,59,2.177935
1.0,22,2.179087
0.0,3,2.179254
0.0,16,2.180097
0.0,4,2.180315
0.0,50,2.182924
0.0,10,2.183456
0.0,8,2.183884
0.0,52,2.186594
0.0,86,2.191075
0.0,1,2.191137
1.0,48,2.193642
0.0,18,2.194589
0.0,8,2.195013
0.0,15,2.195803
0.0,8,2.196228
0.0,12,2.196862
0.0,41,2.199015
0.0,37,2.200962
0.0,5,2.201233
0.0,21,2.202341
1.0,87,2.20691
0.0,25,2.208227
1.0,78,2.212303
0.0,32,2.213974
0.0,65,2.217413
0.0,61,2.220587
0.0,81,2.224807
1.0,38,2.226785
0.0,15,2.227578
1.0,86,2.232075
0.0,4,2.232296
0.0,12,2.23293
1.0,16,2.233762
0.0,4,2.23398
1.0,48,2.236473
1.0,50,2.239064
0.0,14,2.239804
1.0,20,2.240848
1.0,47,2.243288
0.0,42,2.245479
0.0,81,2.249696
1.0,37,2.251625
0.0,33,2.253346
1.0,28,2.254813
0.0,3,2.25498
0.0,31,2.256597
1.0,35,2.258417
0.0,16,2.259255
1.0,68,2.262784
1.0,53,2.265531
1.0,26,2.266889
0.0,41,2.269
1.0,19,2.269992
0.0,22,2.271145
0.0,3,2.271312
1.0,17,2.272195
0.0,12,2.272827
0.0,37,2.274814
0.0,31,2.276444
1.0,136,2.283531
0.0,14,2.284277
0.0,20,2.28533
0.0,29,2.286848
0.0,50,2.289468
0.0,15,2.290258
1.0,22,2.291417
0.0,22,2.292575
1.0,36,2.294459
1.0,31,2.296083
0.0,19,2.297083
0.0,73,2.300917
1.0,84,2.305319
0.0,21,2.306429
0.0,19,2.307435
0.0,22,2.308597
0.0,21,2.309701
1.0,95,2.314647
0.0,27,2.316061
0.0,14,2.316799
0.0,20,2.317852
0.0,12,2.318487
0.0,15,2.319276
0.0,14,2.320029
1.0,20,2.321084
1.0,44,2.323394
0.0,25,2.324707
1.0,53,2.327476
1.0,35,2.329302
0.0,7,2.329675
1.0,49,2.332234
1.0,18,2.333179
1.0,38,2.335172
1.0,47,2.337612
1.0,16,2.338449
0.0,17,2.33936
0.0,36,2.341234
0.0,48,2.343734
1.0,36,2.345613
0.0,13,2.346302
0.0,62,2.349544
1.0,33,2.351281
0.0,32,2.352958
0.0,12,2.353596
0.0,47,2.356051
0.0,15,2.356842
1.0,65,2.360221
1.0,26,2.361583
0.0,11,2.362165
1.0,15,2.362951
0.0,17,2.363854
0.0,1,2.363916
1.0,84,2.36831
0.0,35,2.370148
1.0,20,2.371201
0.0,20,2.372251
1.0,53,2.375004
0.0,16,2.375845
0.0,13,2.376534
1.0,21,2.377624
0.0,22,2.378777
0.0,12,2.379411
1.0,34,2.381196
1.0,25,2.382504
1.0,17,2.383393
0.0,6,2.383713
1.0,24,2.384959
1.0,26,2.38632
0.0,13,2.387008
0.0,7,2.387382
1.0,14,2.388114
0.0,22,2.389262
0.0,4,2.389479
0.0,13,2.390166
1.0,20,2.391214
1.0,29,2.39273
0.0,8,2.393155
0.0,14,2.393893
1.0,20,2.394945
0.0,16,2.395785
0.0,14,2.396525
1.0,19,2.397513
1.0,33,2.399222
1.0,27,2.400634
1.0,24,2.401886
1.0,31,2.403502
0.0,21,2.404632
0.0,15,2.405419
0.0,13,2.406103
1.0,88,2.41066
0.0,15,2.411446
1.0,74,2.415299
0.0,14,2.416039
0.0,47,2.41849
0.0,36,2.42037
0.0,39,2.422397
1.0,40,2.42448
1.0,36,2.426349
0.0,22,2.427501
1.0,26,2.428865
1.0,30,2.430418
0.0,15,2.431212
0.0,25,2.432523
0.0,6,2.432842
0.0,21,2.433942
1.0,18,2.434876
0.0,22,2.436027
0.0,14,2.436761
0.0,16,2.437598
0.0,28,2.439056
0.0,18,2.439998
1.0,33,2.441726
0.0,31,2.44335
0.0,20,2.444401
0.0,80,2.448562
1.0,52,2.451274
0.0,29,2.452783
0.0,59,2.455852
0.0,25,2.457154
0.0,21,2.45826
0.0,17,2.459152
0.0,13,2.45984
0.0,34,2.461619
0.0,14,2.46236
0.0,47,2.464805
1.0,66,2.468245
0.0,24,2.469507
0.0,4,2.469725
0.0,11,2.470324
0.0,20,2.471376
1.0,25,2.472677
0.0,21,2.47378
0.0,19,2.474772
1.0,38,2.47675
0.0,19,2.477751
0.0,3,2.477917
0.0,6,2.478237
0.0,3,2.478403
1.0,64,2.481738
0.0,11,2.482316
0.0,60,2.485432
1.0,95,2.490355
0.0,49,2.492915
0.0,57,2.495879
1.0,86,2.500336
1.0,37,2.502249
0.0,16,2.503085
1.0,67,2.506559
0.0,15,2.507359
1.0,29,2.508862
0.0,52,2.511547
0.0,35,2.513354
0.0,19,2.51435
0.0,10,2.514882
1.0,75,2.51879
1.0,36,2.520668
1.0,27,2.522071
0.0,20,2.523111
0.0,12,2.523748
0.0,15,2.524537
0.0,29,2.526051
0.0,5,2.526316
0.0,15,2.527103
0.0,29,2.528613
1.0,37,2.530548
0.0,23,2.531752
0.0,8,2.532179
1.0,32,2.533837
0.0,5,2.534106
0.0,13,2.534792
1.0,18,2.53573
0.0,16,2.536587
0.0,23,2.537787
0.0,19,2.538781
1.0,137,2.545913
0.0,33,2.547641
0.0,30,2.549215
0.0,20,2.550268
0.0,35,2.552101
0.0,26,2.55346
0.0,19,2.554458
0.0,37,2.556397
0.0,16,2.55724
1.0,79,2.561374
0.0,19,2.56237
0.0,8,2.562796
0.0,17,2.563693
1.0,61,2.566881
1.0,49,2.569441
0.0,27,2.570862
0.0,5,2.571127
1.0,40,2.573216
0.0,21,2.574317
1.0,18,2.575255
0.0,27,2.576697
0.0,27,2.578107
1.0,27,2.579516
1.0,48,2.582012
0.0,12,2.582652
1.0,27,2.584059
0.0,20,2.585106
0.0,32,2.586781
0.0,21,2.587902
0.0,23,2.58911
0.0,18,2.590063
1.0,66,2.593517
0.0,48,2.596033
0.0,22,2.597182
1.0,57,2.600149
0.0,51,2.602846
0.0,11,2.60343
1.0,20,2.604473
1.0,17,2.605367
1.0,32,2.607035
0.0,38,2.608995
1.0,32,2.610663
1.0,23,2.611858
0.0,19,2.61285
1.0,22,2.613993
1.0,24,2.615252
0.0,23,2.616451
0.0,12,2.617084
0.0,20,2.618139
0.0,16,2.618982
0.0,52,2.621787
0.0,87,2.626319
1.0,34,2.628091
1.0,21,2.629188
0.0,22,2.630334
1.0,20,2.631376
0.0,27,2.632779
0.0,35,2.634605
0.0,26,2.635968
0.0,18,2.63691
0.0,16,2.637752
0.0,24,2.639001
1.0,91,2.643708
0.0,148,2.651378
0.0,87,2.65592
0.0,40,2.658034
0.0,10,2.658569
0.0,51,2.661226
1.0,197,2.671504
0.0,42,2.67369
1.0,117,2.679779
0.0,8,2.680211
0.0,7,2.680599
0.0,3,2.680773
0.0,33,2.682501
0.0,19,2.683499
0.0,26,2.684859
0.0,17,2.685761
0.0,24,2.687016
0.0,5,2.687287
0.0,20,2.688335
1.0,52,2.691019
0.0,15,2.691814
0.0,27,2.693218
1.0,34,2.694986
1.0,34,2.69676
1.0,20,2.697803
1.0,26,2.699151
0.0,29,2.700669
1.0,23,2.701864
0.0,16,2.702706
0.0,19,2.703706
0.0,28,2.705174
0.0,12,2.705814
0.0,18,2.706752
1.0,23,2.707937
0.0,17,2.708829
1.0,37,2.71075
0.0,13,2.711438
1.0,35,2.71326
1.0,17,2.714148
0.0,21,2.715262
0.0,14,2.716
0.0,25,2.717307
0.0,104,2.722735
0.0,14,2.723479
0.0,12,2.724115
0.0,25,2.725423
0.0,10,2.725953
1.0,245,2.738799
0.0,34,2.740584
0.0,115,2.746599
1.0,20,2.74773
0.0,138,2.755143
0.0,79,2.759277
0.0,20,2.760332
1.0,37,2.762268
0.0,53,2.765032
0.0,17,2.765923
1.0,36,2.767793
0.0,12,2.768426
1.0,94,2.773308
0.0,34,2.77509
0.0,23,2.776299
1.0,24,2.777551
0.0,36,2.77944
0.0,18,2.780389
0.0,4,2.780613
0.0,12,2.781247
0.0,21,2.78235
0.0,3,2.782514
0.0,45,2.784866
1.0,26,2.786219
1.0,86,2.790701
1.0,20,2.791762
1.0,16,2.79263
1.0,25,2.793935
0.0,12,2.794569
0.0,34,2.79633
0.0,12,2.796963
1.0,24,2.798212
0.0,18,2.799178
0.0,14,2.799915
0.0,14,2.800653
0.0,4,2.80087
0.0,20,2.801916
0.0,40,2.803994
1.0,48,2.806478
0.0,19,2.807472
1.0,30,2.809028
0.0,51,2.811678
0.0,22,2.812829
1.0,37,2.814765
1.0,28,2.816224
0.0,19,2.817223
1.0,27,2.818633
0.0,19,2.819631
0.0,14,2.820368
0.0,18,2.821306
1.0,20,2.822346
0.0,19,2.823339
0.0,28,2.824792
0.0,16,2.825631
0.0,18,2.826573
1.0,30,2.828123
0.0,48,2.830603
0.0,38,2.832588
0.0,22,2.833742
1.0,18,2.834681
0.0,12,2.835318
1.0,40,2.837398
1.0,21,2.838487
1.0,74,2.842337
0.0,15,2.843127
1.0,16,2.843969
0.0,12,2.844604
1.0,19,2.845595
0.0,28,2.84706
0.0,5,2.84733
0.0,16,2.848178
0.0,36,2.850063
0.0,12,2.850698
0.0,55,2.853562
1.0,54,2.856379
1.0,22,2.857528
0.0,13,2.858214
0.0,14,2.858947
0.0,75,2.86285
0.0,48,2.865371
1.0,87,2.869903
0.0,21,2.871009
1.0,65,2.874389
0.0,28,2.875849
1.0,29,2.877364
0.0,10,2.877894
0.0,28,2.87936
0.0,7,2.879729
1.0,43,2.881951
1.0,28,2.883408
0.0,31,2.885013
0.0,37,2.886937
1.0,27,2.888343
0.0,8,2.888767
0.0,6,2.889088
1.0,38,2.891065
0.0,22,2.892214
0.0,9,2.892692
0.0,62,2.89591
0.0,33,2.897631
0.0,55,2.9005
0.0,124,2.90695
0.0,56,2.909876
0.0,55,2.912747
1.0,82,2.917015
0.0,81,2.921247
0.0,43,2.923511
0.0,123,2.929906
0.0,20,2.930975
1.0,28,2.93244
1.0,26,2.933786
1.0,93,2.938606
0.0,23,2.939811
0.0,17,2.940701
0.0,17,2.941593
1.0,74,2.945441
1.0,112,2.95126
1.0,86,2.955735
1.0,47,2.958181
0.0,20,2.959229
1.0,35,2.96105
0.0,12,2.961688
1.0,32,2.963356
1.0,20,2.964403
0.0,20,2.965446
0.0,24,2.966701
0.0,19,2.967693
1.0,61,2.970879
0.0,16,2.971722
1.0,39,2.97376
1.0,23,2.974954
0.0,6,2.97528
0.0,6,2.975601
0.0,20,2.976654
0.0,44,2.978944
1.0,113,2.984803
0.0,23,2.986007
0.0,52,2.988707
0.0,40,2.990799
1.0,36,2.992664
0.0,58,2.995679
1.0,79,2.999787
0.0,7,3.000162
1.0,39,3.0022
1.0,26,3.003565
1.0,62,3.006797
0.0,6,3.007118
1.0,32,3.008787
0.0,11,3.00937
1.0,66,3.012817
0.0,17,3.013721
1.0,45,3.016057
0.0,16,3.016903
0.0,16,3.01775
1.0,20,3.018794
1.0,35,3.020618
0.0,21,3.021728
1.0,40,3.023817
0.0,22,3.024987
1.0,20,3.026038
0.0,25,3.027347
1.0,39,3.029374
1.0,52,3.032084
0.0,32,3.033744
1.0,23,3.034942
0.0,5,3.035211
1.0,39,3.037244
1.0,22,3.038388
0.0,12,3.039024
0.0,26,3.040375
0.0,14,3.041121
1.0,66,3.044559
1.0,70,3.048193
1.0,44,3.050483
1.0,32,3.052137
0.0,16,3.052974
0.0,17,3.053865
1.0,35,3.055669
1.0,54,3.05847
1.0,20,3.059517
1.0,32,3.061182
1.0,20,3.062222
1.0,26,3.063597
0.0,8,3.064022
0.0,19,3.065014
0.0,73,3.068775
0.0,8,3.069198
1.0,41,3.071328
0.0,21,3.072421
0.0,21,3.073519
0.0,56,3.07643
0.0,33,3.078144
1.0,23,3.079345
0.0,18,3.080286
0.0,16,3.08113
0.0,46,3.083534
0.0,68,3.087076
0.0,35,3.088902
0.0,29,3.090404
0.0,17,3.091297
1.0,146,3.098855
0.0,18,3.0998
0.0,11,3.100381
0.0,42,3.102562
0.0,13,3.103249
0.0,8,3.103673
0.0,9,3.104153
0.0,20,3.105201
1.0,51,3.107858
1.0,28,3.109308
1.0,23,3.110508
1.0,25,3.111805
0.0,5,3.112075
0.0,17,3.113145
0.0,29,3.114943
0.0,14,3.115776
1.0,31,3.117668
0.0,121,3.124858
0.0,37,3.12709
1.0,47,3.129897
1.0,33,3.131664
1.0,24,3.133042
0.0,18,3.134137
0.0,7,3.134559
0.0,39,3.136866
1.0,27,3.138495
1.0,13,3.139294
0.0,14,3.140127
0.0,23,3.141468
0.0,6,3.141811
1.0,21,3.143026
1.0,19,3.144157
0.0,24,3.145632
0.0,11,3.146293
0.0,14,3.147118
0.0,26,3.148769
0.0,19,3.149931
1.0,35,3.151996
0.0,11,3.152649
0.0,13,3.153422
1.0,35,3.155508
0.0,15,3.156441
0.0,2,3.156577
1.0,70,3.160482
0.0,77,3.164515
0.0,13,3.165207
1.0,34,3.16699
0.0,2,3.167106
0.0,25,3.168413
1.0,63,3.171686
0.0,13,3.172377
1.0,40,3.174466
0.0,9,3.174951
1.0,50,3.177546
1.0,29,3.179061
0.0,6,3.179387
0.0,15,3.180173
0.0,19,3.181179
0.0,24,3.182435
1.0,19,3.183432
0.0,4,3.183658
0.0,15,3.184466
0.0,22,3.185627
0.0,9,3.186111
0.0,13,3.186795
0.0,15,3.187586
1.0,41,3.189734
0.0,16,3.190582
0.0,65,3.194025
0.0,11,3.194613
0.0,11,3.195199
0.0,16,3.19606
0.0,9,3.196538
0.0,46,3.198949
0.0,14,3.199689
1.0,42,3.201878
1.0,46,3.204283
1.0,17,3.205174
1.0,14,3.205915
0.0,15,3.206695
1.0,43,3.208922
0.0,12,3.20956
0.0,10,3.210092
0.0,18,3.211043
1.0,59,3.214128
0.0,15,3.214927
0.0,14,3.21566
1.0,21,3.216765
1.0,24,3.218007
0.0,7,3.218384
0.0,16,3.219229
1.0,20,3.220269
1.0,19,3.221264
1.0,47,3.223697
0.0,2,3.223808
0.0,13,3.224496
1.0,29,3.226005
0.0,12,3.226639
0.0,9,3.227117
1.0,27,3.228526
1.0,29,3.230035
0.0,10,3.230569
1.0,20,3.232148
0.0,10,3.232695
0.0,24,3.233947
1.0,14,3.234685
1.0,27,3.236091
1.0,23,3.23728
0.0,18,3.238219
0.0,19,3.239217
0.0,22,3.24037
0.0,11,3.240951
0.0,49,3.243517
0.0,11,3.244102
0.0,39,3.246145
0.0,7,3.246521
0.0,40,3.248616
1.0,116,3.254689
1.0,28,3.256156
0.0,19,3.257152
0.0,35,3.25897
0.0,11,3.259558
1.0,31,3.261204
1.0,16,3.262046
1.0,27,3.263448
0.0,15,3.26424
1.0,20,3.265346
1.0,43,3.267607
0.0,19,3.268611
0.0,15,3.2694
1.0,21,3.270498
0.0,12,3.271133
1.0,32,3.272805
1.0,38,3.274778
0.0,14,3.275518
1.0,33,3.277226
0.0,15,3.278014
1.0,25,3.279327
0.0,20,3.280377
0.0,21,3.281486
0.0,21,3.282591
0.0,11,3.283176
0.0,208,3.294016
0.0,24,3.295279
1.0,55,3.298148
0.0,6,3.298473
1.0,72,3.302209
0.0,44,3.304512
0.0,38,3.306496
1.0,16,3.307331
1.0,12,3.307963
0.0,10,3.308495
0.0,7,3.308869
1.0,18,3.309806
1.0,28,3.311272
0.0,11,3.311859
1.0,33,3.313584
1.0,16,3.31443
0.0,11,3.315011
0.0,14,3.315749
0.0,5,3.316017
0.0,31,3.317632
0.0,2,3.317745
0.0,77,3.321768
0.0,2,3.321881
1.0,92,3.326694
1.0,66,3.330143
1.0,23,3.331362
1.0,31,3.332986
0.0,6,3.333311
0.0,9,3.333792
0.0,33,3.335519
0.0,19,3.336518
0.0,7,3.336894
1.0,66,3.340354
0.0,14,3.341101
0.0,59,3.344178
0.0,18,3.345122
1.0,23,3.346334
0.0,29,3.34786
0.0,9,3.348336
0.0,33,3.350068
1.0,53,3.352827
0.0,20,3.353885
1.0,24,3.355139
0.0,14,3.355877
1.0,13,3.356558
1.0,23,3.357761
0.0,9,3.358242
1.0,65,3.361647
0.0,16,3.362486
0.0,37,3.364417
1.0,37,3.366331
0.0,12,3.366967
1.0,14,3.367698
1.0,20,3.368735
1.0,10,3.369267
1.0,23,3.37046
0.0,11,3.371044
0.0,14,3.371787
0.0,7,3.372164
0.0,9,3.372644
1.0,25,3.373955
0.0,9,3.374436
0.0,13,3.375126
0.0,26,3.376487
0.0,9,3.376965
0.0,58,3.379997
0.0,9,3.380474
0.0,12,3.381106
0.0,7,3.381483
0.0,72,3.385267
0.0,28,3.38674
0.0,86,3.391229
1.0,19,3.392224
1.0,27,3.393656
0.0,2,3.393768
1.0,20,3.394809
0.0,34,3.396566
1.0,29,3.398071
1.0,44,3.400349
0.0,13,3.401035
0.0,15,3.40183
0.0,30,3.403399
1.0,19,3.404395
1.0,15,3.405177
0.0,11,3.405756
1.0,46,3.408147
0.0,11,3.408731
0.0,9,3.40921
0.0,57,3.412174
0.0,32,3.413853
1.0,50,3.416465
0.0,80,3.420615
0.0,57,3.423596
0.0,22,3.424744
0.0,31,3.42635
1.0,34,3.428121
0.0,11,3.428701
0.0,8,3.429123
1.0,44,3.431396
1.0,26,3.432757
1.0,33,3.434465
0.0,28,3.435934
1.0,20,3.436974
1.0,28,3.438437
0.0,14,3.439179
0.0,18,3.440117
1.0,27,3.441525
1.0,15,3.442305
0.0,14,3.443045
1.0,47,3.445471
0.0,13,3.446155
0.0,15,3.44694
0.0,22,3.448087
1.0,20,3.449126
0.0,5,3.449393
0.0,31,3.451016
1.0,25,3.452332
1.0,15,3.453121
0.0,21,3.454222
0.0,16,3.455064
0.0,19,3.456057
0.0,23,3.457266
1.0,23,3.458468
1.0,29,3.459979
0.0,11,3.460559
0.0,11,3.461144
0.0,23,3.462342
1.0,17,3.463225
1.0,35,3.465054
1.0,23,3.46625
1.0,15,3.467031
1.0,21,3.468124
1.0,31,3.469728
0.0,11,3.470311
0.0,12,3.470938
1.0,10,3.471469
1.0,10,3.471995
1.0,28,3.473432
0.0,11,3.474012
0.0,9,3.474492
0.0,7,3.474865
0.0,8,3.47529
1.0,15,3.476071
1.0,30,3.477626
1.0,26,3.478977
0.0,9,3.47945
0.0,14,3.480185
1.0,22,3.481334
1.0,19,3.48233
0.0,4,3.482549
0.0,7,3.482923
0.0,11,3.483509
1.0,25,3.484812
1.0,25,3.486109
0.0,2,3.486221
0.0,16,3.487061
0.0,2,3.48717
1.0,44,3.489458
1.0,18,3.490409
1.0,41,3.492545
0.0,10,3.493074
0.0,2,3.493186
1.0,18,3.49412
1.0,64,3.497436
0.0,7,3.49781
1.0,15,3.498599
0.0,11,3.499178
0.0,6,3.499499
0.0,11,3.50008
1.0,45,3.502427
1.0,18,3.503374
0.0,17,3.504265
1.0,47,3.506704
0.0,20,3.507756
1.0,26,3.509117
1.0,17,3.510011
0.0,27,3.51142
0.0,30,3.51299
1.0,31,3.514608
0.0,15,3.515395
0.0,29,3.516913
0.0,24,3.51817
0.0,117,3.5243
0.0,17,3.525185
1.0,41,3.527327
0.0,9,3.527811
0.0,9,3.528289
0.0,4,3.528508
0.0,27,3.529917
0.0,21,3.531018
1.0,23,3.532228
0.0,21,3.533326
0.0,77,3.537328
1.0,30,3.538896
0.0,8,3.539325
0.0,13,3.540019
0.0,25,3.541333
1.0,43,3.543581
1.0,30,3.545137
0.0,14,3.545871
0.0,2,3.545982
0.0,13,3.54667
1.0,22,3.547837
1.0,15,3.54863
0.0,30,3.5502
1.0,106,3.555755
0.0,10,3.556289
1.0,110,3.562042
1.0,31,3.563666
0.0,12,3.564308
1.0,68,3.567853
0.0,28,3.569313
0.0,11,3.569895
0.0,24,3.571159
0.0,7,3.571539
0.0,64,3.574898
0.0,16,3.575748
1.0,41,3.577894
0.0,17,3.57879
1.0,14,3.579538
1.0,25,3.580839
0.0,23,3.582048
0.0,2,3.582158
0.0,21,3.583256
0.0,11,3.583838
0.0,11,3.584422
0.0,27,3.58583
1.0,31,3.587447
1.0,20,3.588498
0.0,9,3.588978
0.0,23,3.5902
0.0,34,3.591982
0.0,19,3.59298
0.0,21,3.594084
0.0,9,3.594566
1.0,34,3.59633
1.0,43,3.598566
1.0,19,3.599557
0.0,9,3.600036
0.0,14,3.600771
1.0,24,3.602025
0.0,11,3.602608
1.0,27,3.604022
0.0,16,3.604866
1.0,26,3.606224
1.0,15,3.607008
0.0,11,3.607591
1.0,25,3.608903
0.0,24,3.610166
0.0,14,3.610907
0.0,58,3.613939
0.0,27,3.615361
1.0,48,3.617863
0.0,18,3.618812
1.0,16,3.61965
0.0,2,3.619765
1.0,31,3.621371
1.0,21,3.622479
0.0,12,3.623107
1.0,23,3.62431
0.0,64,3.627639
1.0,44,3.629938
0.0,98,3.635066
0.0,39,3.637102
0.0,29,3.638618
1.0,31,3.640243
1.0,19,3.641243
0.0,13,3.641929
0.0,89,3.646536
0.0,15,3.647325
0.0,22,3.648479
0.0,71,3.652196
0.0,12,3.652829
1.0,20,3.65388
0.0,7,3.654259
0.0,18,3.655203
1.0,83,3.659558
0.0,58,3.662586
0.0,11,3.663169
0.0,1,3.663229
0.0,39,3.665268
0.0,8,3.665694
0.0,2,3.665807
0.0,159,3.674189
0.0,17,3.675086
0.0,24,3.676343
0.0,92,3.681139
1.0,34,3.682923
0.0,26,3.684288
1.0,38,3.686272
0.0,153,3.694252
0.0,6,3.694575
1.0,21,3.695668
1.0,26,3.697019
1.0,56,3.699934
0.0,16,3.700781
0.0,16,3.701621
0.0,2,3.701735
1.0,14,3.70247
0.0,2,3.702581
0.0,18,3.703524
1.0,21,3.70462
1.0,32,3.706287
0.0,17,3.707189
0.0,16,3.708044
0.0,20,3.709104
0.0,42,3.711301
0.0,22,3.712452
0.0,45,3.714789
0.0,19,3.715781
0.0,77,3.719825
0.0,14,3.720564
0.0,74,3.724433
0.0,11,3.725021
1.0,35,3.726845
0.0,9,3.727325
1.0,40,3.72941
0.0,17,3.730307
1.0,36,3.732198
1.0,27,3.733607
0.0,69,3.737197
1.0,27,3.738596
0.0,35,3.740424
1.0,64,3.74374
1.0,26,3.745094
1.0,34,3.746864
0.0,1,3.746925
0.0,21,3.748028
1.0,17,3.748918
0.0,16,3.749757
0.0,26,3.751208
0.0,24,3.752548
0.0,35,3.754488
0.0,55,3.757364
0.0,27,3.758768
0.0,30,3.760332
0.0,25,3.761648
0.0,15,3.762437
0.0,23,3.763637
1.0,48,3.766124
0.0,31,3.767741
0.0,17,3.768633
1.0,17,3.769525
1.0,22,3.770671
1.0,44,3.772963
0.0,25,3.774265
0.0,20,3.775313
0.0,12,3.775946
0.0,105,3.78139
0.0,18,3.782378
1.0,22,3.783521
0.0,14,3.784259
1.0,30,3.785821
0.0,18,3.786762
0.0,21,3.787876
0.0,16,3.788715
0.0,18,3.78966
0.0,9,3.790144
0.0,10,3.790676
0.0,31,3.792311
0.0,13,3.792995
1.0,22,3.794147
0.0,28,3.795606
1.0,28,3.797062
1.0,40,3.799143
1.0,25,3.800458
1.0,22,3.801601
0.0,23,3.802815
0.0,31,3.804432
0.0,28,3.805895
1.0,28,3.807347
0.0,17,3.808239
0.0,11,3.808818
0.0,63,3.812119
0.0,9,3.812597
1.0,25,3.813898
0.0,12,3.814533
1.0,20,3.815587
0.0,15,3.816376
0.0,85,3.820813
0.0,14,3.821556
0.0,2,3.821668
1.0,39,3.823694
1.0,23,3.824895
0.0,12,3.825528
0.0,23,3.826717
0.0,17,3.827611
0.0,15,3.828401
0.0,16,3.829243
1.0,28,3.830697
1.0,16,3.831537
1.0,8,3.831958
1.0,13,3.832627
0.0,12,3.833258
0.0,19,3.834255
1.0,15,3.835039
1.0,29,3.836532
1.0,14,3.837264
0.0,2,3.837374
1.0,41,3.8395
1.0,60,3.842659
1.0,20,3.843705
0.0,21,3.844793
0.0,18,3.845726
1.0,34,3.847498
0.0,11,3.848079
1.0,56,3.850979
1.0,25,3.852289
1.0,17,3.853182
0.0,11,3.85378
1.0,16,3.854616
1.0,21,3.855705
0.0,11,3.856286
0.0,16,3.857124
1.0,36,3.858998
0.0,25,3.860305
1.0,42,3.862467
0.0,19,3.863457
0.0,28,3.864915
1.0,19,3.865904
0.0,22,3.867057
0.0,4,3.867273
0.0,46,3.869663
0.0,31,3.871275
1.0,40,3.873352
1.0,31,3.874958
0.0,2,3.875072
1.0,17,3.875962
1.0,34,3.877719
0.0,17,3.878597
0.0,13,3.879279
0.0,15,3.880067
0.0,77,3.884063
0.0,12,3.8847
0.0,19,3.885695
1.0,63,3.888984
0.0,20,3.890033
0.0,11,3.890609
0.0,27,3.892024
0.0,6,3.892343
0.0,37,3.894275
1.0,37,3.896208
0.0,30,3.897779
1.0,51,3.900433
0.0,21,3.901541
0.0,15,3.902333
0.0,58,3.905357
1.0,21,3.906458
0.0,9,3.906937
0.0,13,3.907624
0.0,56,3.910551
0.0,74,3.91442
0.0,94,3.919321
0.0,10,3.91985
0.0,22,3.921001
1.0,103,3.926369
1.0,26,3.927723
1.0,36,3.92959
0.0,29,3.93112
0.0,59,3.934179
0.0,78,3.938222
0.0,27,3.939632
0.0,23,3.940838
0.0,34,3.94261
0.0,15,3.943399
0.0,57,3.946372
0.0,45,3.948708
0.0,12,3.949339
0.0,30,3.950904
0.0,24,3.952161
1.0,37,3.95408
1.0,107,3.95965
0.0,30,3.961219
0.0,5,3.961493
0.0,42,3.963703
1.0,108,3.969308
0.0,53,3.972063
0.0,55,3.974927
0.0,21,3.97602
0.0,81,3.980233
0.0,53,3.983002
0.0,7,3.983375
0.0,25,3.984702
1.0,82,3.988969
0.0,18,3.989912
0.0,30,3.991481
0.0,27,3.992889
0.0,70,3.99652
1.0,126,4.003054
0.0,5,4.003324
0.0,44,4.005617
0.0,68,4.009146
0.0,64,4.012477
0.0,126,4.019003
0.0,8,4.019431
0.0,27,4.020838
1.0,69,4.024427
1.0,127,4.031011
0.0,1,4.031075
0.0,120,4.037285
1.0,18,4.038225
1.0,58,4.041249
0.0,9,4.041731
0.0,15,4.042521
1.0,31,4.044135
0.0,4,4.044354
0.0,19,4.045348
0.0,105,4.050823
1.0,15,4.051612
1.0,79,4.055719
0.0,18,4.056663
0.0,8,4.057091
1.0,34,4.058866
0.0,5,4.059139
0.0,19,4.060141
0.0,5,4.060411
0.0,43,4.06266
0.0,10,4.063188
0.0,76,4.067137
1.0,107,4.072695
1.0,32,4.074357
0.0,12,4.074989
0.0,7,4.075362
0.0,54,4.078177
1.0,100,4.083377
0.0,19,4.08437
0.0,21,4.085462
0.0,15,4.086252
0.0,86,4.090725
0.0,16,4.091563
0.0,6,4.091887
1.0,42,4.094068
1.0,29,4.095586
0.0,17,4.096476
0.0,62,4.0997
1.0,50,4.102296
0.0,29,4.10381
0.0,10,4.104338
0.0,15,4.105125
0.0,207,4.115868
0.0,16,4.116718
0.0,7,4.11709
0.0,2,4.117204
1.0,88,4.121768
0.0,2,4.121883
1.0,16,4.122716
0.0,30,4.124254
0.0,9,4.124726
0.0,10,4.125254
0.0,28,4.126711
0.0,12,4.127346
0.0,7,4.127718
1.0,19,4.128712
1.0,26,4.130072
1.0,16,4.130906
0.0,48,4.133407
0.0,22,4.134555
0.0,43,4.136801
0.0,18,4.13775
0.0,17,4.138645
0.0,11,4.139225
1.0,52,4.141927
0.0,4,4.142145
0.0,4,4.142361
1.0,22,4.143504
1.0,24,4.144738
1.0,13,4.145419
1.0,29,4.146923
0.0,122,4.153272
1.0,32,4.154939
1.0,31,4.156552
1.0,20,4.15759
0.0,98,4.162681
1.0,22,4.163826
0.0,14,4.164562
0.0,13,4.16525
0.0,23,4.166452
0.0,35,4.168286
0.0,13,4.168977
0.0,25,4.170286
0.0,9,4.170763
0.0,2,4.170876
1.0,146,4.178475
0.0,10,4.179008
0.0,19,4.180003
0.0,29,4.181522
0.0,36,4.183428
0.0,68,4.186977
0.0,41,4.189112
0.0,15,4.189903
0.0,31,4.19153
1.0,15,4.192314
0.0,1,4.192376
1.0,96,4.197465
0.0,20,4.198522
0.0,19,4.19952
0.0,92,4.204317
1.0,61,4.207502
1.0,131,4.21434
1.0,91,4.219076
0.0,80,4.223249
0.0,18,4.224199
0.0,6,4.224523
0.0,1,4.224585
1.0,75,4.228505
1.0,86,4.233188
1.0,20,4.234287
1.0,28,4.235765
0.0,21,4.236885
1.0,23,4.238094
1.0,71,4.241806
0.0,6,4.242131
0.0,46,4.244541
0.0,16,4.245387
0.0,17,4.246287
0.0,58,4.249341
1.0,36,4.251271
0.0,23,4.252487
1.0,22,4.253648
0.0,67,4.257142
0.0,24,4.258403
1.0,32,4.260067
1.0,27,4.26147
1.0,20,4.26252
0.0,12,4.263162
0.0,8,4.263587
1.0,70,4.267257
0.0,20,4.268298
1.0,18,4.269243
1.0,48,4.271751
0.0,19,4.272756
0.0,19,4.273764
1.0,45,4.276114
1.0,21,4.277211
0.0,16,4.278059
0.0,13,4.278747
0.0,13,4.279437
0.0,40,4.281531
0.0,25,4.282845
0.0,27,4.284262
1.0,34,4.286039
0.0,15,4.286829
0.0,7,4.287201
0.0,24,4.288459
0.0,62,4.291697
0.0,35,4.293528
1.0,45,4.29587
0.0,17,4.296768
0.0,126,4.303422
0.0,5,4.303698
0.0,11,4.304279
0.0,134,4.311265
1.0,43,4.313538
0.0,71,4.317291
0.0,4,4.31751
0.0,18,4.318456
0.0,22,4.319614
0.0,30,4.321175
0.0,15,4.32197
1.0,217,4.333329
0.0,39,4.335373
0.0,12,4.336004
0.0,26,4.337367
1.0,11,4.337946
0.0,7,4.338319
1.0,20,4.339354
1.0,15,4.340144
0.0,26,4.341503
0.0,2,4.34162
1.0,50,4.344232
1.0,43,4.346476
1.0,27,4.347877
1.0,22,4.349023
1.0,36,4.350903
0.0,2,4.351017
1.0,50,4.353618
1.0,12,4.354249
0.0,3,4.354414
0.0,39,4.356452
0.0,37,4.35838
1.0,16,4.359224
1.0,14,4.359961
1.0,31,4.361591
1.0,19,4.362585
0.0,32,4.364264
1.0,28,4.365725
0.0,55,4.368598
1.0,28,4.370059
1.0,26,4.371417
0.0,31,4.373049
1.0,16,4.373889
1.0,16,4.37475
0.0,16,4.375636
1.0,12,4.376271
1.0,37,4.378226
0.0,14,4.378969
0.0,15,4.379758
1.0,24,4.381029
1.0,14,4.381766
0.0,18,4.382711
0.0,14,4.383453
0.0,15,4.384243
1.0,55,4.387115
0.0,35,4.388947
0.0,9,4.389426
0.0,35,4.391259
0.0,74,4.395132
1.0,41,4.397284
1.0,46,4.399695
0.0,37,4.401636
1.0,36,4.403506
0.0,27,4.404923
1.0,69,4.408536
1.0,27,4.409952
0.0,29,4.411474
0.0,32,4.413153
0.0,13,4.413845
1.0,43,4.416091
0.0,13,4.416783
0.0,18,4.417732
0.0,28,4.419199
0.0,20,4.42025
1.0,24,4.421508
0.0,9,4.421993
1.0,29,4.423512
1.0,26,4.42487
1.0,72,4.42863
0.0,19,4.429633
0.0,12,4.430268
0.0,9,4.43076
0.0,5,4.431027
1.0,116,4.437057
0.0,18,4.438008
0.0,33,4.43974
0.0,2,4.439855
0.0,40,4.441946
0.0,4,4.442164
1.0,22,4.443316
0.0,29,4.44486
1.0,28,4.446327
1.0,42,4.44852
1.0,16,4.449356
1.0,12,4.449989
0.0,2,4.450104
0.0,24,4.451369
0.0,15,4.452167
0.0,30,4.453739
0.0,29,4.455256
0.0,22,4.45641
0.0,94,4.461311
0.0,41,4.463478
1.0,58,4.466512
0.0,29,4.468035
0.0,18,4.468984
1.0,24,4.470228
1.0,39,4.472259
1.0,21,4.473359
0.0,22,4.474505
0.0,14,4.47524
0.0,7,4.475617
0.0,18,4.476564
0.0,12,4.477202
1.0,21,4.478305
0.0,41,4.480442
1.0,19,4.481439
0.0,37,4.483391
0.0,11,4.483977
1.0,33,4.485704
1.0,19,4.486702
1.0,23,4.487907
0.0,21,4.489009
0.0,16,4.48985
0.0,15,4.490637
0.0,7,4.491014
1.0,19,4.492018
0.0,28,4.493489
0.0,11,4.494066
0.0,9,4.494542
0.0,6,4.494865
0.0,17,4.495764
0.0,15,4.496559
0.0,9,4.497038
1.0,96,4.502059
0.0,22,4.503206
0.0,11,4.503785
0.0,23,4.504995
1.0,23,4.506189
0.0,4,4.506404
0.0,10,4.506934
0.0,9,4.507411
1.0,36,4.509278
0.0,25,4.510607
0.0,18,4.511558
0.0,9,4.512038
0.0,15,4.512826
0.0,26,4.514187
0.0,24,4.515447
1.0,15,4.516235
0.0,15,4.517022
1.0,23,4.518225
0.0,33,4.51993
0.0,11,4.52051
1.0,46,4.522907
0.0,36,4.524779
1.0,28,4.526234
0.0,50,4.528843
0.0,49,4.531393
0.0,31,4.533008
1.0,38,4.534961
0.0,4,4.535179
0.0,2,4.535293
1.0,18,4.536223
1.0,23,4.537426
0.0,23,4.53862
1.0,49,4.541162
0.0,18,4.542111
1.0,19,4.543097
1.0,38,4.545067
0.0,19,4.546063
1.0,31,4.547675
1.0,37,4.549603
0.0,14,4.550342
0.0,24,4.551605
0.0,11,4.552189
0.0,15,4.552977
1.0,20,4.554021
0.0,14,4.554761
1.0,68,4.558294
1.0,31,4.5599
1.0,25,4.561205
0.0,13,4.561889
1.0,22,4.56303
0.0,10,4.563562
1.0,21,4.564656
0.0,9,4.565133
0.0,43,4.567368
0.0,36,4.569254
0.0,19,4.570251
0.0,38,4.57224
0.0,38,4.574221
0.0,12,4.574855
0.0,26,4.576241
0.0,73,4.580056
1.0,69,4.583634
0.0,10,4.584166
0.0,29,4.585685
1.0,35,4.58751
0.0,17,4.588425
0.0,12,4.589061
0.0,14,4.589801
0.0,9,4.59028
0.0,22,4.591425
1.0,22,4.592578
1.0,20,4.593615
0.0,17,4.594502
0.0,10,4.595032
0.0,15,4.59581
0.0,9,4.596289
0.0,41,4.598426
0.0,99,4.603601
1.0,16,4.604448
1.0,22,4.605588
1.0,24,4.606838
0.0,24,4.608084
1.0,44,4.610363
0.0,13,4.611047
0.0,17,4.611946
1.0,16,4.612775
0.0,13,4.613457
0.0,16,4.614292
0.0,13,4.614972
0.0,13,4.615651
0.0,26,4.617011
1.0,20,4.618056
0.0,36,4.619938
1.0,39,4.621958
1.0,18,4.622897
0.0,18,4.623835
0.0,14,4.624573
1.0,30,4.626124
0.0,7,4.626496
1.0,62,4.629714
0.0,24,4.630973
0.0,18,4.63192
0.0,19,4.632916
0.0,21,4.634018
0.0,28,4.635485
0.0,55,4.638356
0.0,146,4.645959
0.0,55,4.648818
1.0,47,4.651265
0.0,12,4.651906
0.0,56,4.654833
0.0,8,4.65526
0.0,7,4.655637
0.0,43,4.657887
0.0,27,4.659303
1.0,55,4.662191
1.0,16,4.663032
0.0,25,4.664347
0.0,24,4.665604
0.0,50,4.668211
1.0,43,4.670463
0.0,11,4.67105
1.0,54,4.673868
1.0,26,4.675218
0.0,11,4.675807
0.0,2,4.67592
1.0,42,4.678101
0.0,9,4.678582
0.0,15,4.679374
0.0,19,4.680374
0.0,27,4.681794
0.0,30,4.683363
0.0,27,4.684782
0.0,13,4.685468
0.0,33,4.687197
0.0,11,4.68778
0.0,56,4.690705
1.0,158,4.698933
0.0,19,4.699936
0.0,50,4.702546
0.0,18,4.703489
1.0,52,4.706217
0.0,10,4.706748
0.0,51,4.709434
0.0,14,4.710176
0.0,76,4.714151
1.0,105,4.719627
0.0,7,4.720096
0.0,32,4.721782
1.0,80,4.725942
0.0,6,4.726267
0.0,10,4.726796
0.0,8,4.727218
1.0,125,4.733724
1.0,58,4.736755
0.0,9,4.737232
1.0,46,4.73964
1.0,31,4.741257
0.0,24,4.742517
1.0,46,4.744898
1.0,32,4.746564
0.0,18,4.747511
0.0,11,4.748089
1.0,14,4.748816
0.0,5,4.749085
1.0,17,4.749979
0.0,12,4.75061
0.0,10,4.751143
0.0,14,4.75189
0.0,8,4.752315
0.0,22,4.753467
0.0,13,4.754153
0.0,9,4.754678
0.0,9,4.755242
1.0,77,4.759292
0.0,35,4.761127
0.0,13,4.761817
1.0,35,4.763643
0.0,10,4.764175
0.0,16,4.765016
0.0,15,4.765802
0.0,19,4.766801
0.0,21,4.767921
1.0,20,4.768958
0.0,14,4.769702
0.0,110,4.775456
1.0,14,4.776195
1.0,18,4.777141
1.0,19,4.778137
0.0,19,4.779129
0.0,11,4.779711
0.0,10,4.780241
0.0,32,4.781937
0.0,7,4.782316
0.0,7,4.782694
0.0,19,4.783684
1.0,23,4.784879
0.0,11,4.785463
0.0,19,4.786459
1.0,18,4.787405
0.0,11,4.787991
0.0,13,4.788682
0.0,32,4.790349
1.0,53,4.793121
1.0,64,4.79645
0.0,13,4.797139
0.0,25,4.79845
0.0,9,4.79893
1.0,43,4.801159
0.0,20,4.802219
0.0,15,4.803011
1.0,86,4.807501
1.0,20,4.80855
0.0,36,4.810431
0.0,33,4.812139
1.0,16,4.812978
0.0,21,4.814083
1.0,226,4.825835
0.0,7,4.826211
1.0,97,4.831289
0.0,4,4.831522
0.0,14,4.8323
0.0,7,4.832678
0.0,11,4.833262
0.0,21,4.834362
0.0,1,4.834423
0.0,18,4.835371
0.0,89,4.840015
0.0,12,4.840649
0.0,107,4.846231
0.0,10,4.84676
1.0,81,4.85099
0.0,25,4.85231
0.0,10,4.852843
1.0,111,4.858623
1.0,14,4.859362
1.0,23,4.860547
1.0,21,4.861641
0.0,15,4.862425
1.0,28,4.863887
0.0,20,4.864936
0.0,11,4.865522
0.0,39,4.867552
0.0,39,4.869589
0.0,75,4.873499
0.0,33,4.875232
1.0,22,4.876378
1.0,21,4.877474
0.0,9,4.877954
1.0,13,4.878639
1.0,14,4.87937
1.0,32,4.881031
0.0,12,4.881663
0.0,11,4.882244
0.0,25,4.883559
0.0,19,4.884553
1.0,28,4.88602
0.0,19,4.887019
1.0,15,4.887805
0.0,11,4.888388
0.0,8,4.888812
0.0,11,4.889391
1.0,68,4.892947
1.0,21,4.894043
0.0,1,4.894104
1.0,14,4.894837
1.0,18,4.895769
1.0,19,4.896753
0.0,15,4.897558
1.0,18,4.898495
1.0,22,4.89963
0.0,12,4.900265
0.0,23,4.90146
0.0,29,4.902977
1.0,21,4.904069
1.0,9,4.904556
0.0,14,4.905292
0.0,29,4.9068
0.0,25,4.908105
1.0,21,4.909194
1.0,20,4.910236
0.0,9,4.910715
1.0,26,4.912071
0.0,9,4.912549
0.0,4,4.912765
1.0,45,4.915093
0.0,6,4.915413
0.0,22,4.916562
0.0,9,4.917039
1.0,30,4.918599
0.0,17,4.919487
1.0,31,4.921079
0.0,20,4.922133
1.0,21,4.923222
1.0,22,4.92437
1.0,23,4.925568
0.0,9,4.926046
0.0,17,4.926935
0.0,17,4.92783
0.0,8,4.928252
1.0,27,4.929653
0.0,41,4.931788
1.0,12,4.932421
1.0,20,4.933464
1.0,24,4.934708
0.0,11,4.935287
0.0,14,4.936023
1.0,23,4.93721
0.0,16,4.93805
1.0,62,4.941265
1.0,22,4.942417
0.0,19,4.9434
0.0,47,4.945851
1.0,32,4.947515
0.0,14,4.94825
0.0,32,4.94991
1.0,56,4.952812
0.0,12,4.953445
1.0,17,4.954326
1.0,15,4.955107
0.0,26,4.956459
0.0,4,4.956674
1.0,47,4.959127
0.0,23,4.960332
1.0,28,4.961791
0.0,11,4.962374
0.0,9,4.962848
0.0,20,4.963896
1.0,45,4.966225
0.0,9,4.966705
0.0,11,4.967284
0.0,81,4.971523
1.0,45,4.973859
0.0,11,4.974441
1.0,88,4.979021
0.0,9,4.9795
0.0,19,4.980497
1.0,32,4.982167
1.0,29,4.983675
0.0,14,4.984416
0.0,10,4.984947
1.0,38,4.986917
1.0,20,4.987953
0.0,18,4.988887
0.0,35,4.990704
1.0,32,4.992379
0.0,11,4.992965
0.0,14,4.993703
0.0,14,4.994436
0.0,9,4.994914
0.0,29,4.996425
0.0,37,4.998359
0.0,56,5.001288
0.0,28,5.002759
0.0,20,5.003805
1.0,58,5.006841
0.0,30,5.008406
0.0,27,5.009808
1.0,67,5.013308
1.0,31,5.014918
1.0,23,5.01612
0.0,3,5.016286
1.0,32,5.017947
0.0,46,5.020347
1.0,32,5.022007
1.0,43,5.024236
0.0,13,5.024918
1.0,36,5.026794
0.0,2,5.026907
0.0,27,5.028312
0.0,40,5.030396
0.0,6,5.030713
0.0,1,5.030774
1.0,65,5.034142
1.0,31,5.035747
1.0,34,5.037521
0.0,7,5.037895
1.0,53,5.040636
0.0,15,5.041421
0.0,50,5.044029
0.0,16,5.044875
0.0,10,5.045402
0.0,25,5.046703
0.0,24,5.047947
0.0,34,5.049704
0.0,5,5.049977
0.0,23,5.051178
0.0,7,5.051557
1.0,47,5.053996
0.0,12,5.054627
0.0,2,5.05474
0.0,9,5.055216
1.0,46,5.057599
0.0,20,5.058649
0.0,6,5.058968
0.0,5,5.059236
0.0,19,5.060232
0.0,23,5.06143
0.0,11,5.062013
0.0,36,5.063879
1.0,20,5.064916
0.0,16,5.065756
0.0,11,5.066337
0.0,14,5.067073
0.0,49,5.069621
0.0,14,5.070356
1.0,34,5.072115
1.0,15,5.072892
1.0,22,5.074035
1.0,18,5.074982
0.0,11,5.075559
0.0,7,5.07593
0.0,19,5.076922
0.0,11,5.077497
0.0,13,5.078182
0.0,19,5.079179
0.0,42,5.081353
1.0,65,5.084733
0.0,37,5.086654
1.0,50,5.089264
0.0,21,5.090367
0.0,15,5.091152
1.0,23,5.092355
0.0,20,5.09341
1.0,42,5.095577
1.0,22,5.096732
0.0,37,5.09866
0.0,60,5.101793
1.0,36,5.103691
1.0,24,5.104944
1.0,20,5.105988
0.0,9,5.10646
0.0,11,5.107044
0.0,27,5.108462
0.0,28,5.109929
0.0,27,5.111337
0.0,20,5.112392
0.0,16,5.113231
0.0,4,5.113449
0.0,15,5.114237
0.0,39,5.11627
0.0,39,5.118303
0.0,42,5.120488
1.0,37,5.122421
0.0,16,5.123259
0.0,37,5.125184
1.0,59,5.128256
0.0,13,5.128941
0.0,25,5.13024
0.0,2,5.130351
1.0,35,5.132177
0.0,20,5.133231
1.0,35,5.135044
0.0,23,5.136254
1.0,53,5.139008
1.0,32,5.140673
1.0,67,5.144144
0.0,24,5.145396
1.0,103,5.150727
1.0,53,5.153485
0.0,7,5.153862
0.0,31,5.155489
0.0,6,5.155809
1.0,60,5.158907
0.0,23,5.160111
1.0,39,5.162135
0.0,7,5.162509
0.0,48,5.164999
0.0,8,5.165423
1.0,24,5.166664
0.0,30,5.168249
0.0,10,5.168774
0.0,34,5.17054
1.0,156,5.178645
0.0,3,5.178814
1.0,25,5.180113
0.0,50,5.182713
0.0,7,5.183085
0.0,25,5.184395
0.0,2,5.184508
0.0,11,5.185089
0.0,29,5.186596
1.0,28,5.188061
1.0,21,5.189156
0.0,19,5.190145
1.0,36,5.192017
0.0,29,5.193549
0.0,68,5.197085
0.0,4,5.197304
0.0,53,5.200076
0.0,23,5.201284
0.0,20,5.20234
0.0,13,5.203025
0.0,28,5.204492
0.0,41,5.206641
0.0,12,5.207279
0.0,72,5.211019
1.0,18,5.211954
0.0,34,5.213721
0.0,8,5.214144
1.0,17,5.215035
0.0,64,5.21837
0.0,4,5.218589
1.0,25,5.219891
0.0,11,5.220474
0.0,21,5.221571
0.0,17,5.222462
0.0,13,5.223147
0.0,12,5.223783
0.0,9,5.224259
0.0,50,5.226876
0.0,61,5.230054
0.0,59,5.233128
0.0,8,5.233554
1.0,43,5.235819
0.0,30,5.237389
1.0,43,5.239638
0.0,14,5.240377
0.0,20,5.241426
0.0,47,5.243948
