#{"t_start": 1715685346.504763, "env_id": "Office-single-v0"}
r,l,t
0.0,22,0.001559
0.0,31,0.003204
0.0,33,0.004929
0.0,29,0.006457
0.0,8,0.006898
0.0,34,0.008697
0.0,15,0.009505
0.0,15,0.010312
0.0,21,0.011426
0.0,42,0.013643
0.0,51,0.016323
1.0,143,0.023804
0.0,83,0.028167
0.0,59,0.031273
0.0,20,0.032338
0.0,139,0.039611
0.0,24,0.04089
0.0,117,0.047008
0.0,57,0.05002
0.0,135,0.057099
0.0,51,0.059802
0.0,47,0.062275
0.0,116,0.068368
0.0,88,0.072985
0.0,20,0.07404
0.0,73,0.077878
0.0,35,0.079716
0.0,124,0.086216
1.0,60,0.089361
0.0,62,0.092614
1.0,173,0.101589
0.0,150,0.10942
0.0,11,0.110009
1.0,754,0.149276
0.0,75,0.153178
1.0,348,0.171313
0.0,19,0.172317
0.0,21,0.17342
0.0,93,0.178272
0.0,49,0.180834
0.0,72,0.184601
0.0,44,0.186888
0.0,310,0.203032
0.0,10,0.203567
0.0,134,0.210551
0.0,15,0.211344
0.0,62,0.214588
0.0,39,0.216631
0.0,4,0.216851
1.0,105,0.222334
0.0,10,0.22287
0.0,105,0.228355
0.0,194,0.238502
0.0,211,0.249548
1.0,131,0.256397
0.0,237,0.268794
0.0,14,0.26954
0.0,91,0.27428
0.0,45,0.276603
0.0,72,0.280356
0.0,45,0.282712
1.0,228,0.294584
0.0,115,0.300601
0.0,63,0.303888
1.0,205,0.314579
0.0,38,0.316567
1.0,144,0.324055
0.0,184,0.333672
0.0,229,0.345577
0.0,129,0.3523
0.0,87,0.356838
0.0,117,0.362968
1.0,27,0.364382
0.0,22,0.365539
1.0,154,0.373561
1.0,218,0.384929
1.0,123,0.391361
1.0,91,0.396118
1.0,262,0.409802
0.0,38,0.411788
0.0,79,0.415912
0.0,123,0.422335
0.0,51,0.424995
0.0,53,0.427783
1.0,21,0.428886
0.0,26,0.430248
0.0,14,0.430989
0.0,25,0.432301
0.0,49,0.434866
0.0,55,0.437749
0.0,16,0.438596
0.0,261,0.452239
0.0,144,0.459741
0.0,23,0.460956
0.0,66,0.464414
1.0,148,0.472117
1.0,32,0.473797
0.0,35,0.475637
0.0,41,0.477791
0.0,166,0.486483
0.0,16,0.487334
0.0,9,0.487815
1.0,192,0.497872
0.0,25,0.499187
1.0,101,0.504474
1.0,267,0.518472
1.0,33,0.520189
1.0,151,0.536233
0.0,12,0.537179
0.0,10,0.537765
0.0,179,0.54765
0.0,7,0.548056
0.0,298,0.564069
0.0,81,0.568374
0.0,24,0.569651
1.0,156,0.577872
0.0,184,0.587648
0.0,78,0.591793
1.0,113,0.597767
0.0,29,0.599323
1.0,138,0.606612
0.0,141,0.614066
0.0,69,0.617723
1.0,240,0.630421
0.0,12,0.631076
1.0,127,0.637806
0.0,61,0.641042
1.0,55,0.64393
1.0,38,0.645942
1.0,80,0.650164
0.0,55,0.653082
0.0,65,0.656522
0.0,20,0.657586
0.0,4,0.657808
1.0,76,0.661809
0.0,51,0.664453
1.0,35,0.666307
1.0,139,0.673658
0.0,36,0.675581
1.0,74,0.679498
0.0,44,0.681834
1.0,99,0.687057
0.0,41,0.689238
0.0,20,0.690302
0.0,43,0.692579
0.0,112,0.698476
0.0,12,0.699122
0.0,76,0.703149
0.0,79,0.707329
0.0,51,0.710002
1.0,56,0.712963
0.0,93,0.717892
1.0,46,0.720324
1.0,53,0.723115
0.0,10,0.723652
0.0,12,0.724293
0.0,14,0.725044
0.0,87,0.729638
0.0,16,0.730489
0.0,15,0.73129
0.0,72,0.735088
0.0,13,0.735784
0.0,121,0.742192
1.0,35,0.74405
0.0,49,0.746659
1.0,32,0.748357
0.0,38,0.750373
1.0,35,0.752222
1.0,48,0.754766
0.0,16,0.755621
1.0,45,0.757998
0.0,3,0.758168
1.0,140,0.765548
1.0,54,0.768409
0.0,14,0.769162
1.0,51,0.771865
1.0,98,0.777046
1.0,36,0.778955
1.0,105,0.7845
1.0,34,0.78631
1.0,38,0.78832
0.0,15,0.789122
1.0,38,0.791134
1.0,43,0.793406
1.0,36,0.79528
1.0,25,0.796604
1.0,43,0.798876
0.0,26,0.800259
1.0,15,0.801061
0.0,28,0.802543
0.0,17,0.803451
0.0,8,0.803882
1.0,107,0.809533
1.0,55,0.812439
0.0,18,0.813396
1.0,50,0.816031
0.0,50,0.818671
0.0,11,0.819258
0.0,9,0.819742
0.0,17,0.820652
0.0,35,0.822501
1.0,35,0.824346
1.0,32,0.826046
0.0,12,0.826686
0.0,33,0.828435
1.0,27,0.829873
1.0,31,0.831514
0.0,28,0.833
1.0,27,0.83443
1.0,159,0.842775
1.0,48,0.84532
1.0,34,0.847125
0.0,90,0.851813
1.0,29,0.85335
1.0,34,0.855143
1.0,43,0.857422
1.0,31,0.859069
0.0,6,0.859396
0.0,17,0.860303
1.0,30,0.861888
1.0,33,0.863631
0.0,18,0.864585
1.0,32,0.86628
0.0,12,0.866923
1.0,28,0.868403
1.0,26,0.869781
0.0,8,0.870212
0.0,14,0.870955
0.0,12,0.871598
0.0,8,0.872027
1.0,31,0.873667
0.0,8,0.874098
0.0,14,0.874844
1.0,25,0.876178
1.0,16,0.877032
1.0,25,0.878358
0.0,6,0.878695
0.0,32,0.880386
0.0,16,0.881235
1.0,57,0.884236
1.0,32,0.885934
0.0,18,0.886889
1.0,33,0.888623
1.0,27,0.89005
1.0,34,0.891847
1.0,31,0.893484
1.0,29,0.895004
1.0,28,0.896483
1.0,32,0.898173
1.0,25,0.899497
0.0,9,0.899982
1.0,31,0.901616
0.0,4,0.901836
1.0,25,0.903164
1.0,23,0.90438
0.0,19,0.905389
1.0,24,0.906662
0.0,4,0.906881
1.0,27,0.908306
1.0,24,0.909579
1.0,28,0.911061
1.0,31,0.9127
0.0,8,0.913128
0.0,6,0.913452
1.0,23,0.914673
1.0,25,0.916001
1.0,28,0.91748
1.0,23,0.918701
1.0,25,0.920026
0.0,40,0.922137
1.0,28,0.923622
1.0,26,0.924995
1.0,23,0.926216
1.0,28,0.927695
1.0,25,0.929018
1.0,26,0.930388
1.0,23,0.931604
1.0,25,0.932922
0.0,18,0.933874
0.0,12,0.934517
1.0,31,0.936157
0.0,6,0.936485
1.0,25,0.937801
1.0,23,0.939023
1.0,23,0.940237
1.0,26,0.941615
1.0,26,0.94299
1.0,27,0.944415
0.0,17,0.945315
1.0,25,0.946636
1.0,25,0.947959
1.0,24,0.949223
1.0,29,0.950751
1.0,23,0.951968
0.0,16,0.952821
0.0,137,0.960033
0.0,1,0.960101
1.0,72,0.963898
0.0,105,0.969448
0.0,62,0.972727
1.0,86,0.977271
0.0,9,0.977759
1.0,48,0.980294
1.0,62,0.983566
0.0,21,0.984687
1.0,105,0.990233
0.0,24,0.991503
1.0,48,0.994029
1.0,52,0.996779
0.0,72,1.000569
0.0,15,1.001374
1.0,50,1.004011
1.0,50,1.006642
1.0,38,1.008645
1.0,78,1.012752
1.0,85,1.01726
1.0,110,1.023073
1.0,41,1.025233
1.0,65,1.02866
1.0,36,1.030565
1.0,105,1.036091
1.0,136,1.043228
0.0,54,1.04609
1.0,49,1.048686
1.0,152,1.056711
0.0,2,1.056826
0.0,2,1.05694
1.0,34,1.058723
0.0,39,1.060738
1.0,19,1.062203
0.0,30,1.063804
0.0,20,1.064869
0.0,6,1.065198
0.0,23,1.066422
0.0,51,1.069048
0.0,57,1.072038
0.0,13,1.072737
1.0,36,1.074643
0.0,7,1.075023
1.0,48,1.077564
0.0,6,1.077891
0.0,39,1.079955
1.0,54,1.082803
1.0,15,1.083604
1.0,88,1.088226
0.0,21,1.08935
1.0,33,1.091104
1.0,65,1.094526
1.0,12,1.095168
0.0,33,1.096901
1.0,61,1.100128
0.0,28,1.101618
1.0,40,1.103736
0.0,135,1.110877
0.0,6,1.111205
0.0,88,1.115872
1.0,74,1.119788
1.0,65,1.123232
1.0,39,1.125303
1.0,40,1.127418
1.0,100,1.132725
1.0,43,1.135002
1.0,89,1.13971
1.0,55,1.142613
1.0,41,1.14479
0.0,4,1.145011
1.0,58,1.148077
0.0,41,1.150253
1.0,37,1.152207
0.0,17,1.153109
0.0,13,1.1538
0.0,36,1.155708
1.0,45,1.158096
1.0,42,1.160318
0.0,24,1.161598
0.0,1,1.16166
0.0,2,1.161777
0.0,42,1.164007
1.0,66,1.167496
0.0,13,1.168191
1.0,36,1.170102
0.0,26,1.171487
0.0,17,1.172395
1.0,49,1.174998
1.0,34,1.176812
1.0,34,1.17861
1.0,48,1.18115
0.0,40,1.183267
1.0,37,1.185222
0.0,25,1.186557
0.0,4,1.186778
0.0,8,1.187211
1.0,42,1.189439
0.0,15,1.19024
1.0,29,1.191784
0.0,24,1.193056
0.0,18,1.194023
0.0,6,1.194348
1.0,33,1.196103
0.0,26,1.197484
1.0,157,1.205752
0.0,55,1.208665
1.0,281,1.223425
0.0,91,1.228221
1.0,49,1.230815
1.0,27,1.232251
1.0,25,1.233581
1.0,30,1.235169
1.0,26,1.23655
0.0,16,1.237398
1.0,34,1.239204
1.0,31,1.240842
0.0,20,1.241905
1.0,36,1.243812
1.0,40,1.245927
1.0,36,1.247836
1.0,23,1.249057
0.0,18,1.250011
0.0,22,1.251175
0.0,16,1.252022
1.0,32,1.253715
1.0,29,1.255248
1.0,35,1.257098
1.0,25,1.258423
1.0,22,1.259591
1.0,29,1.261121
1.0,23,1.262341
0.0,16,1.26319
1.0,25,1.264512
1.0,34,1.26632
1.0,23,1.267543
0.0,10,1.268077
0.0,8,1.268508
0.0,4,1.268728
0.0,4,1.268948
0.0,7,1.269323
1.0,29,1.270857
1.0,39,1.272917
1.0,94,1.277881
1.0,30,1.279472
0.0,24,1.280738
1.0,30,1.282323
0.0,9,1.282805
1.0,24,1.284076
1.0,29,1.285607
1.0,27,1.287032
0.0,4,1.287251
0.0,6,1.287575
1.0,33,1.289315
1.0,43,1.291597
1.0,25,1.292922
1.0,25,1.294248
1.0,36,1.296151
1.0,29,1.29769
0.0,8,1.298121
1.0,27,1.299547
1.0,25,1.300873
1.0,53,1.30367
1.0,23,1.304892
1.0,23,1.306114
1.0,24,1.30739
1.0,32,1.309086
1.0,24,1.310359
1.0,28,1.311841
1.0,24,1.313113
0.0,21,1.31423
1.0,30,1.315822
1.0,26,1.3172
0.0,4,1.31742
0.0,5,1.317693
1.0,27,1.319116
1.0,25,1.320437
0.0,14,1.321184
0.0,31,1.322823
0.0,69,1.32647
1.0,31,1.32811
1.0,25,1.329435
1.0,27,1.330866
1.0,34,1.33267
1.0,25,1.334001
1.0,23,1.335228
1.0,27,1.336665
1.0,28,1.338141
1.0,27,1.339575
1.0,29,1.341112
1.0,36,1.343015
1.0,30,1.344599
1.0,27,1.346034
1.0,28,1.34752
1.0,25,1.348844
1.0,27,1.350279
1.0,26,1.351661
0.0,4,1.351883
0.0,4,1.352103
0.0,4,1.352323
1.0,27,1.353752
0.0,23,1.354964
1.0,23,1.356185
1.0,27,1.357618
0.0,20,1.358682
1.0,23,1.359902
1.0,28,1.361388
1.0,26,1.362769
0.0,12,1.363414
1.0,43,1.365691
1.0,40,1.367813
1.0,33,1.369561
1.0,27,1.370993
1.0,13,1.371688
1.0,34,1.373485
1.0,29,1.375021
1.0,31,1.376664
1.0,27,1.3781
1.0,27,1.379531
1.0,27,1.380956
1.0,23,1.382174
0.0,20,1.383237
1.0,24,1.384507
1.0,31,1.386146
1.0,23,1.387366
1.0,38,1.389372
0.0,12,1.390014
1.0,26,1.391386
1.0,25,1.392707
1.0,27,1.394135
1.0,31,1.395778
1.0,29,1.397311
1.0,34,1.399115
1.0,28,1.400593
1.0,25,1.401915
0.0,4,1.402135
1.0,24,1.403405
1.0,28,1.404882
0.0,21,1.405993
1.0,27,1.407417
1.0,27,1.408849
0.0,17,1.409749
1.0,23,1.410965
0.0,14,1.411709
1.0,23,1.412928
0.0,16,1.413777
1.0,25,1.415094
1.0,27,1.416524
1.0,25,1.417842
1.0,27,1.419269
1.0,17,1.420159
1.0,27,1.421581
1.0,27,1.423004
0.0,18,1.423954
1.0,28,1.425429
1.0,25,1.426749
1.0,32,1.428438
1.0,27,1.429871
1.0,28,1.431353
1.0,25,1.432686
1.0,23,1.43391
0.0,4,1.434132
1.0,25,1.435464
1.0,27,1.436891
1.0,25,1.438213
1.0,29,1.439749
1.0,27,1.44117
0.0,8,1.441601
1.0,27,1.443023
1.0,23,1.444241
0.0,8,1.444672
0.0,4,1.444891
1.0,16,1.445734
1.0,33,1.447461
1.0,25,1.448784
1.0,23,1.450001
0.0,18,1.450954
1.0,23,1.452174
1.0,28,1.453658
1.0,27,1.455085
1.0,23,1.456303
1.0,25,1.45762
1.0,29,1.45915
1.0,27,1.460574
1.0,28,1.462052
0.0,22,1.463213
1.0,26,1.464581
0.0,14,1.465325
1.0,24,1.466594
1.0,24,1.467861
0.0,12,1.4685
1.0,25,1.469822
1.0,24,1.471088
1.0,29,1.472622
1.0,28,1.474093
1.0,23,1.475312
0.0,8,1.475748
1.0,29,1.477271
1.0,25,1.478594
1.0,25,1.479915
1.0,23,1.481132
1.0,23,1.482348
1.0,27,1.483776
1.0,25,1.485093
1.0,23,1.486315
1.0,23,1.487526
1.0,26,1.488899
1.0,30,1.490478
1.0,24,1.491742
1.0,23,1.492957
0.0,14,1.493699
0.0,12,1.49434
1.0,24,1.495603
0.0,18,1.496565
1.0,28,1.498041
1.0,26,1.499416
1.0,26,1.500791
1.0,23,1.502006
1.0,29,1.503529
1.0,30,1.50511
1.0,25,1.506431
1.0,28,1.507899
1.0,25,1.509216
1.0,25,1.510534
1.0,27,1.511959
1.0,28,1.513434
1.0,25,1.514755
1.0,25,1.516079
0.0,19,1.517084
0.0,19,1.518088
1.0,25,1.519408
0.0,7,1.519784
0.0,8,1.520214
0.0,1,1.52028
1.0,23,1.521496
1.0,26,1.522864
1.0,25,1.524182
1.0,23,1.525396
1.0,28,1.526877
0.0,18,1.527827
1.0,31,1.529455
1.0,25,1.530773
1.0,29,1.5323
1.0,24,1.53357
1.0,26,1.534945
1.0,32,1.536634
0.0,16,1.537485
1.0,25,1.538807
0.0,14,1.539546
1.0,25,1.540859
1.0,27,1.542283
1.0,23,1.5435
1.0,25,1.544822
0.0,13,1.545513
1.0,152,1.553496
1.0,59,1.556611
1.0,36,1.558515
0.0,38,1.560527
1.0,36,1.562436
0.0,28,1.563919
1.0,26,1.5653
1.0,27,1.566735
1.0,30,1.568321
0.0,17,1.569231
1.0,37,1.571184
1.0,25,1.572511
1.0,37,1.574466
1.0,28,1.57595
1.0,36,1.57786
1.0,29,1.579398
0.0,11,1.579985
0.0,21,1.5811
1.0,36,1.583001
1.0,25,1.584327
0.0,23,1.585547
0.0,21,1.586664
1.0,26,1.588044
1.0,23,1.589264
0.0,4,1.589491
0.0,12,1.590137
1.0,23,1.591415
0.0,6,1.591744
0.0,4,1.591968
1.0,23,1.593186
1.0,23,1.594406
1.0,24,1.595681
1.0,30,1.597272
0.0,20,1.598333
1.0,26,1.599706
1.0,25,1.601036
1.0,26,1.60241
1.0,29,1.603949
1.0,25,1.605277
1.0,25,1.606601
1.0,29,1.608136
1.0,16,1.608983
1.0,34,1.610767
1.0,24,1.612036
0.0,16,1.612886
1.0,30,1.614472
1.0,24,1.615744
1.0,25,1.617072
1.0,24,1.618342
1.0,27,1.619772
1.0,32,1.621453
1.0,23,1.622677
0.0,6,1.623003
1.0,26,1.624373
1.0,25,1.625702
1.0,25,1.627029
1.0,32,1.628715
1.0,24,1.629981
1.0,27,1.6314
1.0,27,1.63283
1.0,32,1.634527
1.0,29,1.636063
1.0,28,1.637542
1.0,25,1.638868
1.0,23,1.640083
1.0,23,1.641304
1.0,25,1.642623
1.0,25,1.643946
0.0,7,1.644322
0.0,12,1.644963
1.0,85,1.649431
1.0,35,1.651281
1.0,36,1.653176
0.0,30,1.654756
1.0,40,1.656865
0.0,21,1.657985
1.0,39,1.660046
1.0,45,1.662414
1.0,41,1.66457
1.0,51,1.66725
1.0,41,1.669403
0.0,31,1.671042
0.0,24,1.672309
1.0,33,1.67405
1.0,45,1.67642
1.0,38,1.678432
1.0,38,1.680441
0.0,17,1.681346
1.0,37,1.683299
1.0,36,1.6852
1.0,38,1.687205
1.0,41,1.689354
1.0,36,1.691248
1.0,32,1.692936
1.0,39,1.694991
1.0,44,1.697305
1.0,33,1.699049
1.0,55,1.701937
1.0,34,1.703735
0.0,23,1.704953
1.0,29,1.706484
0.0,26,1.707856
0.0,12,1.708497
1.0,45,1.710864
1.0,23,1.712079
1.0,30,1.713661
1.0,37,1.715613
1.0,30,1.717198
1.0,43,1.71946
1.0,28,1.720944
1.0,24,1.72221
1.0,33,1.72395
1.0,31,1.725583
0.0,9,1.726071
1.0,34,1.727863
0.0,22,1.729031
1.0,33,1.730769
1.0,38,1.732769
1.0,31,1.734408
1.0,37,1.736363
0.0,11,1.736951
1.0,29,1.738481
1.0,28,1.739953
0.0,19,1.740958
0.0,8,1.741391
0.0,18,1.742347
1.0,29,1.74388
1.0,26,1.745257
1.0,23,1.746481
1.0,25,1.747798
1.0,28,1.749281
1.0,28,1.750767
1.0,24,1.752039
1.0,25,1.753364
1.0,23,1.754577
1.0,25,1.755901
1.0,31,1.757538
1.0,26,1.758907
0.0,1,1.758971
0.0,15,1.759769
1.0,23,1.760984
1.0,25,1.762303
0.0,10,1.762836
1.0,25,1.764153
1.0,25,1.765472
1.0,25,1.766795
0.0,12,1.767433
1.0,25,1.768748
0.0,8,1.769178
1.0,27,1.770605
1.0,26,1.771978
1.0,26,1.773352
1.0,26,1.774725
1.0,29,1.776253
1.0,26,1.77763
1.0,23,1.778846
1.0,25,1.780168
1.0,27,1.78159
0.0,4,1.78181
1.0,26,1.783179
0.0,19,1.784184
0.0,20,1.785244
1.0,27,1.786672
1.0,31,1.788309
1.0,27,1.789739
1.0,43,1.792005
1.0,27,1.793429
1.0,34,1.79522
1.0,31,1.796855
1.0,29,1.798384
0.0,24,1.799653
1.0,32,1.80134
1.0,32,1.803028
0.0,17,1.803929
1.0,38,1.805935
1.0,25,1.807251
0.0,21,1.808359
1.0,32,1.810043
0.0,4,1.810261
1.0,34,1.812048
1.0,26,1.813414
1.0,26,1.814791
1.0,29,1.816332
1.0,31,1.817961
1.0,31,1.819592
1.0,25,1.820913
0.0,4,1.821132
0.0,12,1.821771
0.0,6,1.822095
0.0,28,1.823577
1.0,33,1.825319
1.0,32,1.827012
1.0,31,1.828642
1.0,27,1.830066
1.0,28,1.831537
1.0,31,1.833174
1.0,30,1.83476
1.0,30,1.836348
1.0,30,1.83793
1.0,28,1.839408
1.0,32,1.841094
1.0,27,1.842521
0.0,8,1.842959
0.0,6,1.843286
1.0,36,1.84518
0.0,23,1.8464
0.0,12,1.847038
1.0,36,1.84894
1.0,20,1.849994
1.0,29,1.851531
1.0,27,1.852954
1.0,25,1.854278
1.0,25,1.855598
1.0,23,1.856817
1.0,24,1.858085
1.0,23,1.859298
1.0,27,1.860716
1.0,39,1.862774
1.0,27,1.864197
1.0,28,1.865672
1.0,34,1.867472
1.0,16,1.868313
1.0,37,1.870256
1.0,27,1.87168
1.0,26,1.873053
1.0,30,1.874636
1.0,30,1.876223
0.0,24,1.87749
1.0,39,1.879547
1.0,48,1.882077
1.0,34,1.883873
1.0,37,1.885833
1.0,40,1.887948
1.0,54,1.890802
1.0,31,1.892433
1.0,34,1.894225
0.0,8,1.894652
1.0,31,1.896287
1.0,33,1.898024
1.0,34,1.89982
1.0,31,1.901452
1.0,23,1.902667
1.0,33,1.9044
1.0,25,1.905717
1.0,34,1.907502
1.0,25,1.908824
1.0,24,1.91009
1.0,27,1.911516
1.0,24,1.912783
0.0,7,1.913158
0.0,14,1.9139
1.0,24,1.915168
0.0,21,1.91628
1.0,23,1.917497
1.0,27,1.918918
0.0,19,1.919924
1.0,25,1.921241
1.0,23,1.922456
1.0,28,1.923934
1.0,27,1.925356
1.0,23,1.926577
1.0,34,1.928363
1.0,23,1.929581
1.0,31,1.931217
1.0,27,1.932646
1.0,27,1.934071
0.0,17,1.934976
1.0,25,1.936298
0.0,14,1.937045
1.0,27,1.938465
1.0,30,1.940041
1.0,23,1.941258
1.0,15,1.942049
0.0,15,1.94284
0.0,17,1.943741
1.0,31,1.945367
1.0,25,1.946691
1.0,25,1.94801
1.0,25,1.949328
1.0,27,1.950752
1.0,24,1.952021
1.0,29,1.953551
0.0,6,1.953876
1.0,38,1.955881
1.0,26,1.957247
1.0,27,1.958673
1.0,35,1.960501
1.0,25,1.961824
0.0,10,1.962356
1.0,34,1.964141
0.0,16,1.964995
1.0,117,1.971157
1.0,58,1.974208
1.0,61,1.977426
1.0,63,1.980732
1.0,48,1.98327
0.0,24,1.984542
0.0,13,1.98523
0.0,34,1.98703
0.0,29,1.988567
1.0,45,1.990946
0.0,22,1.992113
0.0,25,1.993434
0.0,25,1.994752
0.0,47,1.997229
0.0,89,2.001907
0.0,10,2.002441
0.0,12,2.003082
1.0,107,2.008714
1.0,97,2.013799
0.0,18,2.014754
1.0,31,2.01639
0.0,30,2.017971
1.0,31,2.019606
1.0,36,2.0215
1.0,27,2.022926
1.0,34,2.024714
1.0,25,2.026038
0.0,16,2.026888
1.0,31,2.028529
0.0,16,2.029382
0.0,36,2.031281
1.0,36,2.033174
1.0,31,2.034809
0.0,22,2.035977
1.0,26,2.037346
1.0,28,2.038828
0.0,10,2.039363
1.0,37,2.041314
0.0,20,2.042371
1.0,26,2.04374
1.0,33,2.045475
1.0,72,2.049262
1.0,25,2.050585
1.0,23,2.051804
0.0,4,2.052023
0.0,16,2.052873
0.0,22,2.054044
1.0,32,2.055738
1.0,26,2.057116
1.0,26,2.058496
1.0,15,2.059291
1.0,36,2.061183
1.0,30,2.062768
1.0,23,2.063986
1.0,25,2.065311
1.0,23,2.066538
0.0,19,2.067541
0.0,6,2.067864
1.0,29,2.069396
1.0,24,2.070669
1.0,27,2.072099
1.0,27,2.07353
1.0,25,2.074853
1.0,25,2.076181
1.0,23,2.077406
1.0,29,2.078936
1.0,25,2.08026
0.0,26,2.081633
1.0,25,2.082955
1.0,28,2.084433
1.0,29,2.08597
1.0,23,2.087188
1.0,31,2.088826
1.0,18,2.089778
0.0,12,2.090422
1.0,25,2.091747
1.0,33,2.093491
1.0,23,2.094707
0.0,6,2.095037
1.0,25,2.096365
1.0,24,2.097639
1.0,25,2.098967
1.0,16,2.099816
1.0,28,2.101305
0.0,16,2.102155
1.0,23,2.10338
1.0,24,2.104651
1.0,28,2.106135
1.0,26,2.107508
1.0,24,2.108779
1.0,30,2.110371
1.0,29,2.111906
0.0,15,2.112705
1.0,30,2.114294
1.0,29,2.11582
1.0,25,2.117145
1.0,14,2.117889
1.0,26,2.119267
1.0,26,2.120698
1.0,28,2.122182
1.0,25,2.123513
1.0,27,2.124944
0.0,6,2.125269
0.0,13,2.125969
1.0,24,2.127244
0.0,16,2.128098
1.0,23,2.129319
1.0,25,2.130644
1.0,23,2.131866
1.0,28,2.133352
1.0,29,2.134887
1.0,29,2.136427
1.0,15,2.137218
0.0,4,2.137439
1.0,32,2.139142
1.0,24,2.140414
1.0,18,2.141373
1.0,24,2.14265
1.0,31,2.144293
0.0,10,2.144825
1.0,26,2.146202
0.0,4,2.146424
1.0,16,2.147273
1.0,38,2.149269
0.0,22,2.150435
0.0,10,2.15097
1.0,33,2.152711
1.0,24,2.15398
1.0,30,2.155562
1.0,25,2.156888
1.0,27,2.158309
1.0,23,2.159524
0.0,21,2.160635
0.0,14,2.161379
1.0,27,2.162804
0.0,16,2.163649
0.0,23,2.164868
1.0,26,2.166246
1.0,40,2.168349
1.0,37,2.170304
0.0,27,2.171731
0.0,20,2.172786
1.0,15,2.173582
1.0,44,2.175899
1.0,32,2.177589
1.0,39,2.179642
0.0,10,2.180177
0.0,8,2.180609
1.0,36,2.182503
1.0,49,2.185083
1.0,31,2.186729
1.0,47,2.189212
0.0,10,2.189745
1.0,35,2.191592
1.0,38,2.193598
1.0,29,2.195134
0.0,17,2.196037
1.0,33,2.197782
1.0,35,2.199632
1.0,33,2.201379
1.0,27,2.202806
1.0,27,2.204231
1.0,34,2.206018
1.0,31,2.207651
0.0,18,2.208605
1.0,38,2.210601
0.0,22,2.211774
0.0,70,2.215467
0.0,116,2.221581
1.0,41,2.223751
1.0,66,2.227246
1.0,61,2.23047
0.0,17,2.231374
0.0,8,2.231805
0.0,34,2.233603
1.0,76,2.237611
1.0,67,2.241149
0.0,12,2.24179
1.0,35,2.243643
0.0,16,2.244496
1.0,66,2.247991
1.0,60,2.251159
1.0,41,2.253326
1.0,51,2.256014
0.0,21,2.257131
0.0,22,2.258303
1.0,35,2.26015
0.0,24,2.261431
1.0,192,2.271581
1.0,162,2.280147
0.0,11,2.280741
0.0,53,2.283545
1.0,55,2.286444
1.0,45,2.288826
0.0,58,2.29189
1.0,36,2.293795
1.0,37,2.29576
1.0,34,2.297565
1.0,32,2.299266
1.0,31,2.300908
1.0,32,2.302609
0.0,9,2.303095
1.0,31,2.30474
0.0,20,2.30581
1.0,43,2.308087
0.0,17,2.308992
0.0,38,2.310998
1.0,60,2.314174
1.0,31,2.315828
1.0,30,2.317425
1.0,42,2.31965
0.0,45,2.322036
0.0,4,2.322259
1.0,35,2.324112
0.0,29,2.325647
1.0,30,2.327249
1.0,43,2.329522
0.0,15,2.330322
1.0,33,2.332074
1.0,33,2.333833
0.0,9,2.334325
1.0,66,2.337824
1.0,35,2.339685
1.0,44,2.342016
1.0,49,2.344617
1.0,41,2.3468
0.0,31,2.348445
1.0,37,2.350402
0.0,20,2.351466
1.0,41,2.353643
1.0,37,2.355604
1.0,45,2.358
1.0,38,2.36002
1.0,42,2.362247
1.0,37,2.364208
1.0,43,2.366495
0.0,9,2.366982
1.0,42,2.369219
0.0,4,2.369442
0.0,30,2.371036
1.0,40,2.373153
1.0,36,2.375063
1.0,40,2.377195
0.0,20,2.378268
1.0,35,2.380121
0.0,7,2.380502
1.0,39,2.382567
1.0,53,2.385382
0.0,22,2.386565
1.0,37,2.388526
1.0,34,2.390324
1.0,132,2.397307
0.0,21,2.398431
1.0,31,2.400084
0.0,12,2.400727
0.0,10,2.401266
1.0,29,2.402806
1.0,32,2.404506
1.0,16,2.405359
1.0,33,2.407117
1.0,29,2.408652
1.0,26,2.410034
1.0,39,2.412102
0.0,6,2.412429
1.0,23,2.413652
1.0,36,2.415564
1.0,21,2.416682
0.0,4,2.416905
1.0,18,2.417866
0.0,14,2.418616
0.0,4,2.418838
0.0,6,2.419171
0.0,20,2.420235
1.0,64,2.423613
1.0,29,2.425147
1.0,25,2.426483
1.0,25,2.427814
1.0,25,2.429146
1.0,25,2.430472
0.0,15,2.431276
1.0,25,2.432605
1.0,25,2.433935
1.0,27,2.43537
1.0,24,2.43665
1.0,25,2.437982
0.0,12,2.438625
0.0,6,2.438949
1.0,27,2.44038
0.0,10,2.440923
1.0,26,2.442305
0.0,8,2.442736
1.0,15,2.443532
0.0,8,2.443967
1.0,40,2.446075
0.0,4,2.446296
0.0,13,2.446992
0.0,9,2.44748
1.0,64,2.450871
1.0,29,2.452403
1.0,29,2.453945
1.0,54,2.456805
1.0,38,2.45882
1.0,36,2.460732
1.0,36,2.462642
1.0,38,2.46465
0.0,6,2.464977
1.0,30,2.466565
1.0,24,2.467839
1.0,29,2.469372
0.0,12,2.470019
1.0,27,2.471451
1.0,27,2.472885
1.0,25,2.47421
1.0,25,2.475537
1.0,24,2.476818
1.0,32,2.478513
0.0,14,2.479262
1.0,26,2.480644
0.0,13,2.481343
1.0,26,2.482726
0.0,7,2.483104
1.0,28,2.484585
1.0,25,2.485912
1.0,31,2.487558
1.0,27,2.488987
1.0,33,2.490732
1.0,23,2.491954
0.0,4,2.492175
1.0,28,2.493656
1.0,23,2.494877
1.0,25,2.496205
1.0,28,2.497688
1.0,25,2.499016
0.0,13,2.499706
1.0,35,2.501554
1.0,26,2.502929
1.0,26,2.504309
1.0,29,2.505853
1.0,29,2.50738
1.0,23,2.508604
1.0,28,2.510088
1.0,27,2.511517
1.0,26,2.51289
1.0,24,2.514168
1.0,28,2.51565
0.0,6,2.515981
1.0,23,2.517207
1.0,24,2.518478
1.0,25,2.519807
1.0,32,2.521496
1.0,25,2.522825
1.0,29,2.524363
1.0,26,2.525747
1.0,29,2.527279
0.0,6,2.527605
0.0,4,2.527826
0.0,8,2.528257
1.0,28,2.529743
0.0,13,2.530443
0.0,63,2.533761
1.0,28,2.535248
1.0,24,2.53653
0.0,18,2.537487
1.0,26,2.538863
1.0,25,2.54019
1.0,27,2.541619
1.0,26,2.542999
1.0,18,2.543951
1.0,25,2.545279
0.0,26,2.546651
0.0,20,2.547716
1.0,23,2.548937
1.0,29,2.550477
1.0,23,2.551697
1.0,23,2.552917
1.0,24,2.554192
1.0,26,2.555568
1.0,26,2.556942
0.0,4,2.557163
1.0,27,2.558596
1.0,25,2.559919
1.0,31,2.561565
1.0,26,2.562945
1.0,25,2.56427
1.0,23,2.565495
1.0,25,2.566826
1.0,31,2.568467
1.0,27,2.569896
1.0,27,2.571329
0.0,6,2.571653
1.0,24,2.572924
1.0,25,2.574249
0.0,14,2.574992
1.0,23,2.576207
0.0,9,2.576694
1.0,27,2.578121
1.0,25,2.579443
0.0,16,2.580297
0.0,22,2.581465
0.0,7,2.581843
1.0,25,2.583174
1.0,25,2.584499
1.0,32,2.586198
0.0,19,2.587209
1.0,23,2.588429
0.0,4,2.588648
1.0,25,2.589969
1.0,34,2.591758
1.0,26,2.593134
1.0,30,2.594723
1.0,23,2.595946
1.0,25,2.59727
1.0,24,2.59854
0.0,15,2.599342
1.0,34,2.601141
1.0,33,2.602894
1.0,45,2.605276
1.0,37,2.607235
1.0,44,2.609557
1.0,38,2.611567
1.0,35,2.613417
1.0,48,2.615951
1.0,52,2.618702
0.0,34,2.6205
1.0,30,2.622087
1.0,40,2.624197
1.0,41,2.626364
1.0,40,2.628467
1.0,32,2.630162
0.0,35,2.632012
1.0,33,2.633762
1.0,41,2.635932
1.0,53,2.63874
1.0,35,2.640599
0.0,6,2.640924
0.0,28,2.642402
1.0,38,2.644409
1.0,36,2.646315
1.0,38,2.648324
0.0,25,2.649655
0.0,14,2.650545
1.0,30,2.652137
1.0,31,2.653779
1.0,39,2.655844
1.0,33,2.657592
0.0,24,2.658864
1.0,32,2.660551
1.0,46,2.662978
0.0,29,2.664514
1.0,17,2.665415
0.0,6,2.665745
0.0,4,2.665967
1.0,32,2.667659
1.0,36,2.669564
0.0,8,2.669996
1.0,33,2.67174
1.0,36,2.673641
1.0,36,2.675542
0.0,14,2.676291
1.0,38,2.67829
1.0,30,2.679878
1.0,37,2.681828
1.0,29,2.683366
1.0,29,2.684899
1.0,36,2.686797
1.0,38,2.688808
1.0,34,2.690605
1.0,45,2.692979
1.0,32,2.69467
0.0,11,2.695261
0.0,20,2.696328
0.0,16,2.697177
1.0,34,2.698972
0.0,14,2.699715
1.0,34,2.701504
1.0,23,2.702723
0.0,28,2.704194
1.0,33,2.705943
1.0,38,2.707952
1.0,35,2.709802
1.0,29,2.711332
1.0,35,2.713181
0.0,6,2.713507
0.0,6,2.713831
1.0,33,2.715575
0.0,12,2.716219
1.0,31,2.717863
0.0,6,2.718188
1.0,30,2.719774
1.0,33,2.721522
1.0,29,2.723055
0.0,8,2.72349
1.0,35,2.72534
1.0,35,2.727191
1.0,33,2.728938
1.0,37,2.73089
0.0,26,2.732266
0.0,18,2.733223
1.0,25,2.73455
0.0,6,2.734872
0.0,22,2.736037
1.0,27,2.737469
0.0,14,2.73822
0.0,18,2.739184
1.0,56,2.742142
0.0,16,2.742992
0.0,162,2.751525
0.0,1,2.751591
1.0,27,2.753033
1.0,27,2.754471
1.0,25,2.755805
1.0,28,2.757293
1.0,28,2.758781
1.0,29,2.760317
1.0,25,2.761643
1.0,28,2.763131
1.0,38,2.765145
1.0,34,2.76695
1.0,35,2.76881
1.0,37,2.770766
1.0,31,2.772406
0.0,4,2.772626
0.0,15,2.773424
1.0,26,2.774803
1.0,31,2.776445
1.0,31,2.778091
1.0,25,2.779426
1.0,29,2.780967
1.0,30,2.782558
1.0,34,2.784362
1.0,28,2.785854
1.0,29,2.787394
0.0,10,2.787932
1.0,76,2.791945
1.0,26,2.793324
1.0,27,2.794757
1.0,28,2.796241
1.0,35,2.798092
1.0,33,2.799839
1.0,27,2.801279
1.0,32,2.802974
0.0,16,2.803829
1.0,27,2.80527
1.0,29,2.806815
1.0,28,2.808299
1.0,25,2.809628
0.0,6,2.809955
1.0,31,2.811591
1.0,31,2.813231
1.0,30,2.814819
0.0,13,2.815518
1.0,49,2.818122
0.0,29,2.819657
1.0,51,2.822346
1.0,35,2.82419
1.0,45,2.826568
1.0,41,2.828728
1.0,28,2.830206
1.0,31,2.831841
1.0,28,2.833323
1.0,31,2.834964
1.0,28,2.836445
1.0,40,2.838556
1.0,28,2.84004
1.0,29,2.841575
1.0,31,2.84321
0.0,18,2.84416
1.0,34,2.845955
1.0,27,2.847384
1.0,29,2.848919
1.0,30,2.850507
1.0,32,2.8522
1.0,27,2.853631
0.0,6,2.853957
1.0,27,2.855391
1.0,28,2.856877
0.0,4,2.857101
1.0,27,2.858535
0.0,18,2.859486
1.0,31,2.861121
1.0,27,2.862553
0.0,17,2.863453
1.0,29,2.864982
0.0,19,2.865991
1.0,26,2.867361
0.0,16,2.868211
0.0,8,2.868639
0.0,60,2.871822
1.0,49,2.874415
1.0,35,2.87627
0.0,25,2.8776
0.0,6,2.877925
1.0,36,2.879832
0.0,4,2.880051
0.0,27,2.881487
1.0,29,2.883021
1.0,27,2.884451
1.0,38,2.886469
1.0,31,2.888105
1.0,18,2.889056
1.0,36,2.890965
0.0,25,2.892294
1.0,32,2.893988
1.0,31,2.895625
1.0,29,2.897165
1.0,26,2.898536
1.0,27,2.89997
1.0,23,2.901193
0.0,34,2.902993
1.0,23,2.904214
1.0,29,2.905748
1.0,28,2.907229
1.0,33,2.90897
1.0,25,2.910294
0.0,14,2.911043
0.0,14,2.911793
0.0,6,2.912119
0.0,18,2.913077
0.0,27,2.914511
1.0,57,2.917521
1.0,40,2.919638
1.0,37,2.921595
0.0,16,2.922448
1.0,38,2.92446
1.0,38,2.92647
1.0,33,2.928215
1.0,30,2.9298
1.0,30,2.931385
1.0,27,2.932808
1.0,27,2.934245
1.0,42,2.936468
1.0,28,2.93795
1.0,29,2.939484
1.0,34,2.941274
1.0,29,2.942815
0.0,4,2.943034
1.0,24,2.944303
1.0,27,2.945731
1.0,27,2.94716
1.0,25,2.948479
1.0,30,2.950058
1.0,23,2.951277
1.0,23,2.952495
1.0,29,2.954031
1.0,15,2.954823
0.0,12,2.955466
1.0,29,2.957004
1.0,23,2.958223
1.0,31,2.959854
1.0,39,2.961914
1.0,29,2.963449
0.0,19,2.964461
1.0,28,2.965943
1.0,30,2.967527
0.0,6,2.967851
0.0,23,2.969069
1.0,24,2.97034
1.0,23,2.971563
1.0,29,2.97309
1.0,18,2.974047
1.0,34,2.97583
1.0,30,2.977414
1.0,32,2.979105
1.0,39,2.981158
1.0,26,2.982527
0.0,6,2.982852
0.0,12,2.983498
0.0,4,2.983718
0.0,4,2.983939
1.0,26,2.985313
1.0,27,2.986746
0.0,19,2.987751
1.0,27,2.989172
1.0,25,2.990492
1.0,25,2.99181
1.0,28,2.993294
1.0,27,2.994722
1.0,23,2.995941
1.0,25,2.99726
1.0,25,2.998581
0.0,6,2.99891
1.0,26,3.000281
1.0,28,3.00176
1.0,27,3.003185
1.0,26,3.004562
0.0,21,3.005674
1.0,24,3.006953
1.0,26,3.008331
1.0,29,3.009862
1.0,30,3.011441
1.0,29,3.012974
1.0,19,3.013979
1.0,27,3.015409
1.0,27,3.016841
1.0,23,3.018063
1.0,26,3.019443
1.0,28,3.020923
1.0,25,3.022247
0.0,18,3.023202
1.0,28,3.024682
1.0,31,3.026325
1.0,29,3.027855
0.0,6,3.028181
1.0,25,3.029503
1.0,26,3.030875
1.0,25,3.032195
1.0,24,3.033465
1.0,23,3.034683
0.0,5,3.034958
1.0,24,3.036229
1.0,23,3.03745
1.0,26,3.038823
1.0,26,3.040187
1.0,28,3.041667
1.0,30,3.043249
1.0,24,3.044516
0.0,13,3.045212
0.0,17,3.046112
1.0,25,3.047432
1.0,26,3.048804
1.0,27,3.050233
1.0,27,3.051658
0.0,18,3.052615
1.0,23,3.053834
1.0,25,3.055157
1.0,26,3.05653
0.0,4,3.05675
1.0,27,3.058179
1.0,25,3.059501
0.0,12,3.06014
1.0,24,3.061409
0.0,28,3.062885
0.0,15,3.063684
0.0,6,3.064007
0.0,4,3.064226
1.0,25,3.06555
1.0,25,3.066876
1.0,23,3.068088
1.0,25,3.069407
1.0,31,3.071045
1.0,29,3.072574
1.0,27,3.074
1.0,26,3.075381
1.0,25,3.076706
1.0,24,3.077974
0.0,6,3.0783
1.0,26,3.079671
1.0,27,3.081098
1.0,29,3.082625
1.0,24,3.083896
1.0,33,3.085643
1.0,29,3.08718
0.0,18,3.088136
0.0,8,3.088566
1.0,28,3.090046
0.0,23,3.091266
1.0,27,3.092694
1.0,31,3.094332
0.0,14,3.095076
1.0,31,3.096721
0.0,13,3.097419
1.0,26,3.098792
1.0,25,3.10011
0.0,14,3.100859
0.0,49,3.103445
1.0,57,3.106449
0.0,32,3.108134
1.0,54,3.110982
1.0,59,3.114086
1.0,42,3.1163
1.0,43,3.118558
1.0,34,3.120356
1.0,33,3.122089
1.0,29,3.123624
1.0,32,3.125316
1.0,35,3.127172
1.0,41,3.129331
1.0,24,3.130601
0.0,16,3.131455
1.0,30,3.133041
0.0,1,3.133104
0.0,23,3.134319
1.0,39,3.136387
0.0,25,3.137713
0.0,23,3.138933
1.0,29,3.140467
1.0,35,3.142315
1.0,18,3.143267
1.0,40,3.145335
1.0,30,3.146925
1.0,30,3.148513
0.0,17,3.14942
1.0,35,3.151276
1.0,27,3.152708
1.0,25,3.154034
1.0,29,3.155569
1.0,27,3.157002
1.0,27,3.158438
0.0,22,3.159603
1.0,29,3.161136
1.0,28,3.162612
0.0,26,3.16399
1.0,36,3.1659
1.0,35,3.167754
1.0,29,3.169286
1.0,46,3.171705
1.0,35,3.173552
1.0,33,3.175298
1.0,32,3.176988
1.0,35,3.178829
0.0,9,3.179353
1.0,27,3.180781
0.0,27,3.182218
0.0,32,3.18391
1.0,32,3.185597
1.0,29,3.187134
1.0,25,3.18845
1.0,28,3.189926
1.0,27,3.191357
1.0,35,3.1932
1.0,32,3.19488
1.0,31,3.196527
1.0,23,3.197747
1.0,30,3.199333
0.0,14,3.200081
1.0,28,3.201564
1.0,26,3.202938
1.0,27,3.20436
1.0,23,3.205582
1.0,25,3.206907
0.0,12,3.207545
1.0,27,3.20897
1.0,42,3.211176
1.0,26,3.212552
1.0,26,3.213929
1.0,27,3.215365
1.0,23,3.216582
0.0,17,3.217485
1.0,41,3.219652
1.0,46,3.222133
0.0,31,3.22378
1.0,42,3.226
1.0,45,3.228371
1.0,60,3.231548
0.0,16,3.232406
0.0,30,3.234006
0.0,11,3.234594
1.0,37,3.236558
1.0,40,3.238674
1.0,37,3.240634
0.0,10,3.241171
1.0,44,3.243495
1.0,44,3.245823
0.0,39,3.247888
1.0,68,3.251474
0.0,20,3.252539
1.0,38,3.254554
1.0,37,3.25651
1.0,37,3.258464
1.0,38,3.260476
1.0,31,3.262114
1.0,55,3.265011
1.0,51,3.267716
0.0,18,3.268674
1.0,38,3.270682
1.0,41,3.272837
0.0,28,3.274325
0.0,26,3.275705
0.0,82,3.280022
0.0,69,3.283659
1.0,153,3.291711
1.0,38,3.293731
1.0,24,3.295002
1.0,143,3.302542
0.0,3,3.302713
1.0,47,3.305207
1.0,49,3.307811
1.0,37,3.309771
0.0,8,3.310206
0.0,24,3.311474
1.0,71,3.315221
0.0,6,3.315548
1.0,37,3.317515
0.0,46,3.319951
0.0,42,3.322168
1.0,92,3.327028
1.0,62,3.330313
1.0,45,3.332691
0.0,4,3.332912
0.0,27,3.334347
1.0,31,3.33599
1.0,26,3.337371
1.0,30,3.338971
1.0,35,3.340833
0.0,15,3.341635
1.0,28,3.343118
1.0,29,3.34466
1.0,23,3.345883
0.0,8,3.346317
1.0,27,3.347754
0.0,8,3.348185
1.0,24,3.349464
1.0,28,3.35095
1.0,31,3.352603
1.0,28,3.354081
1.0,35,3.355939
1.0,32,3.357636
1.0,23,3.358859
1.0,25,3.360183
1.0,26,3.361563
1.0,24,3.362841
1.0,28,3.364323
1.0,24,3.365602
1.0,27,3.367039
0.0,20,3.368099
1.0,23,3.369322
1.0,30,3.370914
1.0,30,3.372504
1.0,23,3.373731
0.0,8,3.374161
1.0,23,3.375384
1.0,24,3.376668
1.0,23,3.377893
1.0,25,3.379215
1.0,23,3.380442
1.0,25,3.381771
1.0,25,3.383102
1.0,26,3.384481
0.0,18,3.385438
0.0,17,3.386349
1.0,32,3.388043
1.0,28,3.389529
1.0,24,3.390802
1.0,23,3.392023
1.0,26,3.3934
0.0,4,3.39362
1.0,33,3.395365
1.0,27,3.396792
1.0,31,3.398425
0.0,25,3.399748
0.0,12,3.400386
1.0,30,3.401967
1.0,27,3.4034
1.0,32,3.405101
0.0,19,3.406119
0.0,4,3.406339
1.0,59,3.409457
1.0,25,3.410776
1.0,25,3.412099
1.0,25,3.413427
1.0,24,3.414699
1.0,50,3.41735
1.0,23,3.418571
1.0,26,3.419946
0.0,14,3.420688
0.0,15,3.421483
1.0,27,3.422916
1.0,23,3.424132
1.0,31,3.425767
1.0,23,3.426986
1.0,23,3.428199
1.0,25,3.429521
1.0,26,3.430898
1.0,26,3.432276
1.0,27,3.433714
0.0,8,3.434144
1.0,25,3.43547
1.0,27,3.436902
1.0,25,3.438222
1.0,27,3.43965
1.0,25,3.440972
1.0,27,3.4424
1.0,25,3.443724
1.0,30,3.445307
1.0,28,3.446795
0.0,19,3.4478
1.0,34,3.449585
1.0,27,3.451012
0.0,4,3.451232
1.0,24,3.452508
1.0,29,3.454042
1.0,30,3.455632
1.0,23,3.456857
1.0,27,3.458288
1.0,21,3.459399
0.0,4,3.45962
1.0,30,3.461202
0.0,18,3.462157
1.0,25,3.463477
1.0,18,3.464426
1.0,27,3.465857
1.0,25,3.467177
1.0,23,3.468391
0.0,8,3.468822
0.0,6,3.469146
1.0,37,3.471094
0.0,13,3.471787
1.0,30,3.473368
0.0,12,3.474012
1.0,23,3.475234
1.0,23,3.476453
1.0,26,3.477829
1.0,27,3.479262
1.0,24,3.480536
0.0,4,3.480757
1.0,23,3.481973
0.0,6,3.482295
1.0,23,3.483511
1.0,25,3.484836
1.0,23,3.486058
1.0,24,3.48733
1.0,31,3.488959
1.0,31,3.490598
1.0,26,3.491975
1.0,26,3.493349
0.0,19,3.494361
1.0,27,3.495791
0.0,22,3.496955
1.0,23,3.49817
1.0,23,3.499388
1.0,23,3.500603
1.0,23,3.501823
1.0,28,3.503302
1.0,23,3.504524
0.0,6,3.504849
1.0,27,3.506277
1.0,26,3.507654
1.0,23,3.508873
0.0,9,3.509355
1.0,25,3.510677
1.0,23,3.511893
1.0,25,3.513208
0.0,26,3.514585
1.0,31,3.516226
1.0,23,3.517441
0.0,6,3.517766
0.0,20,3.518824
1.0,27,3.520254
0.0,12,3.520897
1.0,29,3.522427
1.0,27,3.523856
1.0,31,3.525493
1.0,28,3.526976
1.0,27,3.528406
1.0,27,3.52983
1.0,27,3.531253
1.0,33,3.532989
1.0,42,3.535203
0.0,19,3.536212
1.0,14,3.536953
1.0,28,3.538429
0.0,20,3.539487
1.0,27,3.540914
1.0,32,3.542602
1.0,29,3.544136
1.0,29,3.545671
1.0,30,3.547261
1.0,26,3.548636
0.0,22,3.549804
1.0,27,3.551234
1.0,30,3.552809
0.0,4,3.553029
1.0,29,3.55456
0.0,4,3.55478
1.0,30,3.556364
1.0,31,3.558
0.0,16,3.558852
1.0,33,3.560606
0.0,6,3.560931
1.0,26,3.562304
1.0,25,3.563626
1.0,25,3.564946
1.0,25,3.566271
1.0,26,3.567639
1.0,29,3.569168
0.0,21,3.570282
1.0,24,3.57155
1.0,23,3.572775
0.0,5,3.573049
1.0,24,3.574321
1.0,30,3.575909
0.0,21,3.577021
1.0,34,3.578817
1.0,23,3.580033
1.0,28,3.58151
1.0,27,3.58294
0.0,6,3.583265
1.0,27,3.584691
1.0,30,3.586285
1.0,29,3.587824
0.0,20,3.588885
0.0,12,3.58953
0.0,17,3.590429
0.0,73,3.594281
1.0,60,3.59745
1.0,36,3.599351
0.0,16,3.600207
0.0,21,3.601323
0.0,13,3.602023
1.0,31,3.603663
1.0,34,3.605467
1.0,23,3.606695
1.0,30,3.608286
1.0,24,3.60956
1.0,25,3.610884
1.0,29,3.612422
1.0,26,3.613801
1.0,31,3.615442
0.0,17,3.616346
1.0,26,3.617727
1.0,25,3.619054
1.0,29,3.620592
1.0,24,3.621872
1.0,28,3.623349
1.0,35,3.625207
1.0,23,3.626432
1.0,23,3.627656
1.0,25,3.628976
1.0,29,3.630514
1.0,28,3.631993
1.0,24,3.633271
1.0,23,3.634493
1.0,23,3.635719
0.0,20,3.636785
0.0,8,3.637215
1.0,24,3.638489
1.0,23,3.639709
1.0,27,3.641146
1.0,25,3.64247
1.0,24,3.643743
1.0,27,3.645177
1.0,26,3.646563
0.0,14,3.647313
1.0,23,3.648534
0.0,6,3.648859
1.0,23,3.650082
1.0,26,3.65146
1.0,27,3.652888
1.0,25,3.654212
1.0,28,3.655695
1.0,23,3.656915
0.0,8,3.657343
1.0,23,3.658564
1.0,24,3.659834
1.0,25,3.661157
1.0,26,3.662537
1.0,27,3.663969
1.0,30,3.665554
0.0,14,3.666305
1.0,22,3.667471
1.0,23,3.668692
0.0,17,3.669596
1.0,25,3.670919
1.0,26,3.672297
1.0,30,3.673883
0.0,12,3.674526
1.0,91,3.679325
0.0,96,3.684382
0.0,11,3.684972
0.0,104,3.690449
0.0,12,3.691093
1.0,61,3.694309
0.0,26,3.695686
0.0,8,3.696119
1.0,41,3.698282
0.0,11,3.698873
0.0,11,3.69946
1.0,38,3.701476
1.0,33,3.703224
1.0,43,3.705495
0.0,19,3.706512
1.0,31,3.70815
1.0,36,3.710107
1.0,42,3.712319
1.0,34,3.71412
1.0,31,3.715766
1.0,28,3.71725
0.0,6,3.717579
1.0,33,3.719325
1.0,34,3.721124
1.0,30,3.722711
1.0,27,3.724144
1.0,31,3.725782
1.0,41,3.72795
1.0,36,3.729851
1.0,30,3.73144
1.0,28,3.732924
1.0,34,3.734721
0.0,30,3.736312
0.0,15,3.737118
0.0,52,3.739876
1.0,45,3.742263
1.0,62,3.745532
1.0,45,3.747908
0.0,10,3.748451
0.0,10,3.748986
1.0,46,3.751421
0.0,6,3.751747
1.0,45,3.75412
0.0,4,3.754341
0.0,29,3.755874
1.0,35,3.757728
1.0,36,3.759631
1.0,48,3.762164
0.0,23,3.763383
1.0,32,3.765077
1.0,34,3.766871
1.0,39,3.768942
1.0,43,3.771212
1.0,37,3.773169
0.0,13,3.773868
1.0,41,3.776035
1.0,41,3.778206
1.0,39,3.780263
0.0,10,3.780799
1.0,34,3.78259
1.0,41,3.784752
1.0,55,3.787657
1.0,36,3.789552
0.0,25,3.790882
1.0,57,3.793891
1.0,39,3.795946
0.0,9,3.79643
0.0,18,3.797383
0.0,12,3.79802
0.0,10,3.798557
1.0,37,3.800512
0.0,10,3.801048
1.0,39,3.803107
1.0,44,3.805428
1.0,40,3.807551
1.0,48,3.810083
0.0,1,3.810146
1.0,40,3.81226
1.0,52,3.814994
1.0,27,3.816419
0.0,21,3.817538
1.0,41,3.819691
0.0,4,3.819911
0.0,5,3.820183
1.0,32,3.821875
0.0,11,3.822466
0.0,15,3.823265
1.0,34,3.825064
1.0,31,3.826703
1.0,28,3.828182
1.0,39,3.830244
0.0,6,3.830574
0.0,39,3.832634
1.0,41,3.834791
1.0,27,3.836225
1.0,43,3.838501
1.0,15,3.839296
1.0,27,3.840725
1.0,33,3.842474
1.0,26,3.843847
1.0,29,3.84538
1.0,25,3.846704
0.0,12,3.847348
0.0,21,3.848458
1.0,24,3.849731
1.0,31,3.851367
1.0,25,3.852688
0.0,6,3.853015
1.0,28,3.854494
1.0,23,3.855712
1.0,24,3.856982
1.0,25,3.858309
1.0,30,3.859897
1.0,28,3.861368
1.0,23,3.862587
0.0,6,3.862914
1.0,34,3.864706
1.0,30,3.866295
1.0,25,3.867618
1.0,28,3.869098
0.0,17,3.869998
1.0,24,3.87127
1.0,25,3.872588
1.0,33,3.874327
1.0,31,3.875969
1.0,23,3.877189
0.0,8,3.87762
1.0,32,3.879312
1.0,31,3.880959
0.0,8,3.88139
1.0,35,3.883244
1.0,25,3.884569
0.0,8,3.885002
0.0,8,3.885431
1.0,25,3.886761
1.0,25,3.888084
1.0,23,3.889306
1.0,23,3.890527
1.0,24,3.891793
0.0,20,3.892857
1.0,31,3.894486
0.0,21,3.895601
1.0,27,3.897032
1.0,23,3.898247
0.0,6,3.898571
0.0,4,3.89879
1.0,25,3.900111
1.0,25,3.901434
1.0,27,3.902861
1.0,24,3.904133
0.0,18,3.905087
1.0,29,3.906613
0.0,16,3.907464
1.0,26,3.908838
1.0,18,3.909791
1.0,25,3.911115
0.0,21,3.912225
1.0,25,3.913547
1.0,23,3.914765
1.0,28,3.916247
1.0,26,3.917629
0.0,12,3.918272
1.0,27,3.919707
1.0,38,3.92171
1.0,23,3.922933
1.0,31,3.924566
0.0,21,3.925681
1.0,32,3.92737
1.0,24,3.92864
1.0,25,3.929968
1.0,27,3.931399
1.0,30,3.932986
1.0,23,3.934201
1.0,25,3.935524
1.0,31,3.937165
1.0,25,3.938491
1.0,25,3.939819
1.0,26,3.941201
1.0,16,3.942054
1.0,25,3.943378
0.0,8,3.94381
1.0,28,3.945293
1.0,25,3.946621
1.0,26,3.947993
1.0,27,3.949421
0.0,9,3.949905
1.0,27,3.95133
0.0,6,3.951653
0.0,6,3.951979
1.0,35,3.953822
0.0,4,3.954041
1.0,38,3.956049
1.0,25,3.957377
1.0,23,3.9586
1.0,25,3.95992
1.0,23,3.961138
1.0,30,3.962715
1.0,31,3.96435
1.0,23,3.965573
1.0,23,3.966792
1.0,25,3.968112
0.0,8,3.968542
1.0,27,3.969971
1.0,30,3.971554
1.0,36,3.973453
1.0,23,3.974677
1.0,23,3.975902
1.0,25,3.977226
1.0,28,3.978706
1.0,25,3.980033
1.0,33,3.981775
0.0,6,3.982101
1.0,25,3.983425
1.0,23,3.984644
1.0,24,3.985923
0.0,23,3.987142
0.0,14,3.987887
1.0,31,3.989524
1.0,25,3.990848
1.0,26,3.992226
0.0,16,3.993078
1.0,29,3.99462
0.0,6,3.994949
1.0,27,3.996379
1.0,23,3.997605
1.0,25,3.998931
1.0,30,4.000514
1.0,23,4.001735
1.0,25,4.003058
0.0,21,4.004172
0.0,12,4.004813
1.0,27,4.00624
1.0,28,4.007721
1.0,23,4.008945
1.0,24,4.010213
1.0,27,4.011643
1.0,25,4.012959
1.0,27,4.014387
1.0,25,4.01571
1.0,29,4.01725
1.0,28,4.018733
1.0,23,4.019957
1.0,29,4.02149
1.0,26,4.022867
1.0,27,4.024301
1.0,23,4.025521
1.0,26,4.026904
1.0,34,4.028701
1.0,25,4.030023
0.0,13,4.030721
0.0,10,4.031259
0.0,104,4.036747
0.0,25,4.038081
1.0,62,4.041353
1.0,51,4.044059
0.0,45,4.046435
1.0,36,4.048335
1.0,35,4.050191
1.0,37,4.052149
1.0,42,4.054376
1.0,44,4.056712
1.0,33,4.058465
1.0,28,4.059952
1.0,29,4.061489
0.0,7,4.06187
0.0,6,4.062197
1.0,38,4.064207
1.0,33,4.065968
1.0,31,4.067608
1.0,37,4.069571
1.0,29,4.071105
1.0,25,4.072435
1.0,30,4.074026
1.0,25,4.075349
1.0,27,4.076788
1.0,24,4.078062
0.0,4,4.078281
1.0,25,4.079609
1.0,29,4.081149
1.0,23,4.082377
1.0,24,4.083658
1.0,32,4.085349
1.0,25,4.086684
1.0,24,4.087959
1.0,23,4.089185
1.0,25,4.090513
1.0,25,4.091844
1.0,25,4.09317
1.0,27,4.094607
1.0,24,4.095883
1.0,27,4.097318
0.0,6,4.097645
1.0,25,4.098972
0.0,18,4.099933
1.0,23,4.101158
1.0,27,4.102589
1.0,29,4.104124
1.0,23,4.105343
1.0,31,4.106982
1.0,27,4.108412
1.0,26,4.109787
1.0,23,4.11101
1.0,25,4.112336
1.0,25,4.113662
1.0,27,4.115095
1.0,25,4.116428
0.0,17,4.117331
1.0,29,4.118866
1.0,29,4.120397
1.0,23,4.121623
1.0,25,4.12295
1.0,27,4.124381
1.0,23,4.125606
1.0,23,4.12683
1.0,31,4.128469
1.0,27,4.129901
1.0,27,4.131331
0.0,8,4.131765
1.0,24,4.133033
1.0,29,4.134565
1.0,32,4.136263
1.0,25,4.137588
1.0,23,4.138809
0.0,19,4.139816
1.0,29,4.14135
1.0,28,4.14284
0.0,13,4.143535
1.0,24,4.144808
0.0,20,4.145872
1.0,24,4.147145
1.0,24,4.148417
1.0,31,4.15006
0.0,12,4.150707
1.0,97,4.155823
0.0,26,4.157205
0.0,4,4.157431
1.0,31,4.159072
1.0,37,4.161035
1.0,44,4.163364
1.0,64,4.166749
1.0,32,4.168444
0.0,15,4.169247
0.0,9,4.169731
1.0,25,4.171057
1.0,32,4.172748
1.0,25,4.174073
1.0,44,4.176375
1.0,32,4.178073
1.0,18,4.17903
0.0,9,4.179517
1.0,29,4.181052
1.0,29,4.182597
0.0,6,4.182923
1.0,29,4.18446
1.0,29,4.18599
1.0,19,4.187001
1.0,33,4.188748
1.0,29,4.190288
0.0,17,4.191191
1.0,38,4.193205
1.0,26,4.194585
1.0,17,4.195494
0.0,6,4.195825
0.0,17,4.196728
1.0,23,4.197952
1.0,27,4.19939
1.0,27,4.200819
1.0,27,4.202252
1.0,25,4.203583
0.0,21,4.204703
1.0,26,4.206082
1.0,23,4.207306
1.0,25,4.208633
1.0,27,4.210069
1.0,25,4.211398
1.0,27,4.212827
1.0,37,4.214779
1.0,27,4.216213
1.0,28,4.217694
1.0,23,4.218911
1.0,27,4.220336
0.0,14,4.221084
1.0,27,4.222518
0.0,1,4.22258
1.0,27,4.224013
0.0,12,4.224653
1.0,30,4.226242
0.0,8,4.226672
1.0,23,4.227893
1.0,25,4.229216
1.0,25,4.230542
1.0,32,4.232226
1.0,32,4.233915
1.0,30,4.2355
1.0,27,4.236936
1.0,25,4.238263
1.0,27,4.239743
1.0,27,4.24118
1.0,17,4.242083
1.0,24,4.243352
1.0,27,4.244779
0.0,2,4.244892
1.0,27,4.246321
0.0,20,4.247375
1.0,26,4.248749
1.0,25,4.250073
1.0,29,4.251609
0.0,8,4.25204
0.0,16,4.252893
0.0,16,4.253744
1.0,25,4.255067
1.0,19,4.256076
0.0,14,4.256827
1.0,25,4.25815
1.0,29,4.259689
1.0,25,4.261008
0.0,6,4.261333
1.0,30,4.262916
1.0,23,4.264132
1.0,28,4.265608
1.0,25,4.266933
0.0,13,4.267632
1.0,25,4.268947
1.0,27,4.270379
1.0,26,4.271751
1.0,25,4.273079
1.0,23,4.274298
1.0,25,4.275624
1.0,25,4.276944
1.0,25,4.278265
1.0,25,4.279589
1.0,26,4.280963
1.0,30,4.282548
1.0,23,4.283773
0.0,13,4.284467
1.0,112,4.29037
0.0,21,4.291495
0.0,6,4.29182
0.0,22,4.292988
0.0,32,4.294689
1.0,41,4.296855
1.0,31,4.298498
1.0,43,4.300768
0.0,8,4.3012
0.0,29,4.30274
1.0,36,4.304644
1.0,32,4.306338
0.0,16,4.307192
1.0,41,4.309417
1.0,35,4.311338
0.0,36,4.313327
0.0,12,4.314001
0.0,21,4.315163
1.0,41,4.317428
1.0,58,4.320614
1.0,31,4.322329
1.0,39,4.324502
0.0,33,4.326329
1.0,27,4.32782
0.0,18,4.328822
1.0,29,4.33042
1.0,27,4.332782
1.0,33,4.334765
1.0,27,4.336308
1.0,54,4.339298
0.0,22,4.340549
0.0,15,4.341382
0.0,1,4.341452
1.0,29,4.343046
1.0,31,4.344752
1.0,27,4.346229
1.0,32,4.347979
1.0,27,4.349456
1.0,31,4.351162
1.0,27,4.352645
0.0,13,4.353373
0.0,4,4.353606
0.0,6,4.353943
0.0,42,4.356245
1.0,37,4.358279
1.0,31,4.361636
1.0,19,4.362748
0.0,35,4.364587
1.0,65,4.368048
0.0,17,4.368964
1.0,36,4.370875
0.0,25,4.372203
1.0,36,4.374102
1.0,42,4.376326
0.0,22,4.377495
1.0,30,4.379089
1.0,27,4.380525
0.0,8,4.380957
1.0,32,4.382654
1.0,44,4.384989
0.0,25,4.386319
1.0,47,4.388807
1.0,32,4.390507
1.0,27,4.39194
1.0,31,4.393586
1.0,25,4.394914
1.0,29,4.396449
1.0,29,4.397986
0.0,8,4.398416
0.0,6,4.398743
0.0,20,4.399815
1.0,33,4.401562
1.0,23,4.402791
1.0,30,4.40438
1.0,28,4.405861
1.0,23,4.407087
1.0,26,4.408463
1.0,32,4.410157
1.0,25,4.411481
1.0,27,4.412913
0.0,25,4.414243
1.0,34,4.416054
1.0,26,4.417431
1.0,24,4.418706
1.0,23,4.419931
1.0,27,4.421358
1.0,27,4.422793
1.0,28,4.424271
1.0,25,4.425628
0.0,14,4.426377
1.0,28,4.427854
1.0,28,4.429341
1.0,25,4.430661
1.0,23,4.431882
1.0,28,4.433387
1.0,27,4.434813
1.0,27,4.436244
1.0,27,4.437673
1.0,26,4.439044
1.0,27,4.440476
1.0,32,4.442159
0.0,21,4.443271
0.0,13,4.443966
0.0,22,4.44513
0.0,12,4.445772
1.0,53,4.448566
1.0,43,4.450846
0.0,46,4.45327
1.0,29,4.454798
1.0,43,4.457073
0.0,24,4.458345
0.0,11,4.458932
1.0,39,4.460991
0.0,27,4.462422
0.0,14,4.463167
1.0,35,4.465017
0.0,7,4.465393
0.0,24,4.466663
1.0,27,4.468093
0.0,15,4.468888
1.0,28,4.470376
1.0,25,4.471696
1.0,28,4.473173
1.0,23,4.47439
1.0,30,4.475976
0.0,28,4.477458
1.0,27,4.478887
0.0,5,4.479163
1.0,28,4.48064
1.0,33,4.482383
0.0,26,4.483755
1.0,29,4.485282
0.0,16,4.486132
1.0,33,4.487858
1.0,28,4.489337
1.0,26,4.490707
1.0,22,4.491884
1.0,25,4.49321
1.0,28,4.494687
1.0,23,4.495906
1.0,25,4.497227
0.0,21,4.498342
1.0,30,4.499933
1.0,28,4.501423
1.0,27,4.502851
1.0,27,4.504277
1.0,24,4.505547
1.0,29,4.507083
0.0,8,4.507511
1.0,23,4.508729
1.0,33,4.510479
1.0,31,4.512116
1.0,30,4.513696
0.0,26,4.51507
1.0,25,4.516398
1.0,24,4.517664
1.0,29,4.5192
1.0,27,4.520668
1.0,27,4.522092
1.0,23,4.523306
1.0,23,4.524523
1.0,29,4.526056
1.0,28,4.527534
1.0,30,4.529116
1.0,25,4.53044
0.0,17,4.531353
1.0,26,4.532726
1.0,26,4.534112
1.0,27,4.535545
1.0,23,4.536764
1.0,24,4.538032
0.0,16,4.53888
0.0,7,4.539259
1.0,28,4.540734
1.0,27,4.542159
1.0,23,4.543373
0.0,8,4.543801
1.0,25,4.545123
0.0,8,4.545551
1.0,34,4.547342
1.0,24,4.548613
1.0,23,4.549833
1.0,29,4.551359
1.0,24,4.552626
1.0,25,4.553945
1.0,27,4.555371
1.0,25,4.556693
0.0,12,4.557333
0.0,16,4.5582
1.0,15,4.558995
1.0,26,4.560372
1.0,25,4.561695
1.0,23,4.562914
1.0,26,4.564289
1.0,25,4.565623
1.0,24,4.566892
1.0,26,4.568264
1.0,26,4.569643
1.0,27,4.571072
1.0,27,4.572494
0.0,8,4.572926
1.0,28,4.5744
1.0,28,4.57588
1.0,28,4.577355
1.0,25,4.578678
1.0,36,4.580577
1.0,25,4.581903
1.0,25,4.583223
1.0,23,4.584442
1.0,26,4.585813
1.0,25,4.58714
0.0,4,4.58736
1.0,27,4.588784
1.0,30,4.590367
1.0,24,4.591633
1.0,25,4.592959
1.0,30,4.594541
0.0,22,4.595699
1.0,23,4.596914
0.0,11,4.597502
1.0,29,4.599034
1.0,27,4.600464
1.0,29,4.601994
1.0,29,4.603529
1.0,30,4.605107
1.0,25,4.60643
1.0,23,4.607646
1.0,25,4.608972
1.0,23,4.610193
1.0,19,4.611192
1.0,31,4.612819
1.0,28,4.614295
1.0,24,4.615559
0.0,14,4.616302
0.0,21,4.617414
1.0,27,4.618838
1.0,29,4.620374
1.0,35,4.622224
1.0,25,4.623558
1.0,23,4.624773
1.0,26,4.626148
1.0,25,4.627466
1.0,26,4.628838
1.0,24,4.630111
0.0,30,4.631693
1.0,25,4.633014
1.0,23,4.634227
1.0,26,4.635599
1.0,32,4.637284
1.0,23,4.6385
1.0,25,4.639822
1.0,27,4.641248
1.0,27,4.642664
1.0,31,4.644296
1.0,24,4.645565
1.0,25,4.646885
1.0,27,4.648312
1.0,23,4.649529
1.0,29,4.651054
0.0,6,4.651376
1.0,25,4.652697
0.0,18,4.653647
1.0,27,4.655072
1.0,30,4.656659
0.0,14,4.657402
1.0,23,4.658618
1.0,24,4.659895
1.0,28,4.661376
1.0,24,4.66265
0.0,16,4.663497
1.0,24,4.664767
1.0,24,4.666035
1.0,29,4.667571
1.0,29,4.669105
1.0,30,4.670683
1.0,28,4.672168
1.0,29,4.673694
1.0,23,4.674914
0.0,20,4.675982
1.0,29,4.677518
1.0,23,4.67874
1.0,25,4.680071
1.0,16,4.680927
1.0,29,4.682461
1.0,25,4.683784
1.0,31,4.685423
0.0,8,4.685855
0.0,16,4.686708
0.0,9,4.687192
1.0,21,4.688296
1.0,25,4.689643
1.0,29,4.69119
1.0,27,4.692627
1.0,25,4.69396
1.0,31,4.695599
1.0,30,4.697192
1.0,26,4.698574
0.0,23,4.69978
0.0,6,4.700105
1.0,26,4.701475
0.0,17,4.70238
1.0,27,4.703809
1.0,25,4.705133
0.0,14,4.705879
1.0,24,4.707152
0.0,18,4.708105
1.0,23,4.709328
1.0,24,4.710599
0.0,8,4.711032
1.0,30,4.712618
1.0,28,4.714112
1.0,32,4.715809
1.0,23,4.717025
0.0,20,4.718088
0.0,14,4.718833
1.0,26,4.720216
0.0,8,4.720649
1.0,30,4.722239
1.0,27,4.723671
1.0,23,4.724906
1.0,29,4.726437
0.0,21,4.727544
1.0,25,4.72887
1.0,29,4.730407
1.0,25,4.731726
1.0,28,4.733203
1.0,27,4.734625
1.0,25,4.735946
1.0,23,4.737169
0.0,16,4.738017
1.0,31,4.73966
1.0,30,4.741241
1.0,25,4.742568
1.0,26,4.74394
0.0,4,4.74416
1.0,27,4.745583
1.0,27,4.747009
0.0,6,4.747333
1.0,27,4.748759
1.0,27,4.750188
0.0,17,4.751092
1.0,26,4.752471
1.0,25,4.753793
1.0,27,4.755232
1.0,23,4.756451
1.0,27,4.757874
0.0,6,4.758199
1.0,29,4.759733
1.0,25,4.761062
1.0,23,4.762282
1.0,27,4.763708
1.0,27,4.765135
1.0,25,4.766458
1.0,25,4.767783
1.0,26,4.76916
0.0,9,4.76964
1.0,27,4.771064
1.0,23,4.772281
0.0,6,4.772605
1.0,32,4.774393
0.0,22,4.775565
1.0,29,4.777104
1.0,35,4.778957
1.0,27,4.780394
1.0,33,4.782136
1.0,27,4.783564
1.0,29,4.785097
1.0,27,4.786534
0.0,14,4.787279
1.0,28,4.788758
0.0,22,4.789933
1.0,31,4.791571
1.0,27,4.793004
1.0,30,4.794587
0.0,4,4.794807
1.0,38,4.796811
1.0,39,4.79887
0.0,8,4.799302
1.0,26,4.800671
1.0,33,4.802432
1.0,32,4.804132
1.0,31,4.805765
1.0,28,4.807248
1.0,33,4.808999
1.0,29,4.810537
1.0,32,4.812225
0.0,8,4.812653
1.0,27,4.814085
0.0,21,4.815205
1.0,30,4.816796
1.0,29,4.818349
0.0,8,4.818778
1.0,20,4.819863
1.0,31,4.821498
0.0,1,4.821561
0.0,21,4.82267
1.0,39,4.824736
1.0,32,4.826428
1.0,29,4.827957
1.0,29,4.829497
1.0,31,4.831141
1.0,29,4.832682
1.0,30,4.834262
1.0,36,4.836168
1.0,27,4.837597
1.0,29,4.839129
1.0,28,4.840606
1.0,32,4.842306
1.0,29,4.84385
0.0,23,4.845065
1.0,35,4.846973
1.0,30,4.84856
1.0,28,4.850042
1.0,33,4.851782
1.0,29,4.853312
1.0,32,4.855
1.0,30,4.856596
1.0,27,4.858022
1.0,32,4.859712
1.0,29,4.861241
1.0,27,4.862669
1.0,40,4.8648
1.0,28,4.86628
0.0,21,4.867387
1.0,28,4.868867
1.0,29,4.870397
1.0,27,4.871821
0.0,30,4.873406
0.0,15,4.874199
0.0,17,4.875095
1.0,25,4.87641
1.0,27,4.877835
1.0,25,4.879157
1.0,25,4.880479
1.0,24,4.881752
1.0,24,4.883023
1.0,23,4.884243
1.0,27,4.885684
0.0,16,4.886535
1.0,25,4.887855
1.0,26,4.889232
1.0,26,4.890607
0.0,21,4.891717
1.0,27,4.893149
1.0,29,4.894679
1.0,24,4.895947
1.0,26,4.897325
1.0,26,4.898699
1.0,15,4.899497
1.0,36,4.901373
1.0,25,4.902695
0.0,4,4.902915
1.0,23,4.904128
1.0,26,4.905498
1.0,31,4.907135
1.0,25,4.908455
1.0,29,4.909991
1.0,21,4.911094
1.0,38,4.913078
0.0,4,4.913299
1.0,25,4.914622
1.0,29,4.916154
1.0,24,4.917423
1.0,29,4.918952
1.0,29,4.92048
1.0,27,4.921906
1.0,28,4.923386
1.0,27,4.924814
0.0,12,4.925454
1.0,28,4.926929
1.0,12,4.927566
1.0,24,4.928839
0.0,4,4.929059
1.0,28,4.93054
0.0,6,4.930865
1.0,27,4.93229
1.0,26,4.933656
1.0,21,4.934766
0.0,9,4.935244
1.0,25,4.936561
0.0,25,4.937883
1.0,25,4.939207
1.0,29,4.940734
1.0,23,4.941949
1.0,23,4.943166
1.0,29,4.944693
1.0,23,4.945908
1.0,25,4.947226
1.0,26,4.948599
1.0,26,4.949972
1.0,27,4.951423
1.0,24,4.952704
1.0,24,4.953974
1.0,25,4.955292
0.0,8,4.955725
1.0,28,4.957204
0.0,14,4.957945
1.0,27,4.959365
0.0,6,4.959688
1.0,24,4.960951
1.0,23,4.962165
1.0,27,4.963583
1.0,31,4.965212
1.0,29,4.966738
1.0,23,4.96795
1.0,26,4.969323
1.0,25,4.970646
1.0,28,4.972123
1.0,31,4.973758
0.0,6,4.974082
1.0,27,4.975509
1.0,25,4.976827
0.0,22,4.977991
1.0,33,4.979731
1.0,25,4.981053
1.0,27,4.982474
0.0,16,4.983317
1.0,34,4.985105
1.0,23,4.986319
1.0,24,4.987584
1.0,28,4.989057
1.0,29,4.990589
1.0,28,4.992069
1.0,25,4.993389
1.0,25,4.994709
0.0,6,4.995035
1.0,27,4.996459
1.0,25,4.997777
1.0,27,4.999201
1.0,27,5.000623
0.0,24,5.001892
1.0,29,5.003419
1.0,26,5.004792
1.0,27,5.006222
1.0,29,5.007753
1.0,32,5.009448
1.0,27,5.010876
1.0,32,5.012561
1.0,27,5.013991
0.0,16,5.014836
1.0,25,5.016157
1.0,25,5.017498
0.0,6,5.017826
1.0,31,5.019467
1.0,30,5.02107
1.0,26,5.022444
1.0,28,5.023921
0.0,16,5.024775
0.0,125,5.031406
1.0,49,5.034016
0.0,53,5.036821
1.0,48,5.039376
1.0,46,5.041809
1.0,51,5.044509
0.0,32,5.046208
1.0,37,5.048171
0.0,43,5.050447
1.0,46,5.052886
0.0,27,5.054318
1.0,67,5.057856
0.0,29,5.059384
1.0,43,5.06166
1.0,42,5.063895
1.0,44,5.066222
1.0,38,5.068229
1.0,42,5.070457
0.0,32,5.072155
1.0,43,5.074429
1.0,34,5.07624
0.0,24,5.077517
1.0,34,5.079323
1.0,44,5.081652
0.0,10,5.082191
1.0,30,5.083783
1.0,39,5.085852
1.0,27,5.087285
1.0,30,5.088879
1.0,25,5.090215
1.0,29,5.091749
1.0,32,5.093446
0.0,9,5.093935
1.0,26,5.095312
0.0,4,5.095532
1.0,24,5.096809
1.0,31,5.098452
0.0,19,5.099462
1.0,25,5.100795
1.0,24,5.102073
1.0,32,5.103772
0.0,23,5.104993
1.0,25,5.106316
1.0,28,5.107801
1.0,25,5.109129
1.0,23,5.110352
1.0,33,5.112098
0.0,10,5.112636
1.0,24,5.113904
1.0,23,5.115126
1.0,24,5.1164
1.0,29,5.117938
1.0,23,5.119163
1.0,28,5.120642
0.0,19,5.121642
1.0,28,5.123124
0.0,16,5.123975
0.0,17,5.124879
1.0,25,5.126204
1.0,31,5.127842
1.0,27,5.129278
0.0,14,5.130031
1.0,29,5.131562
1.0,25,5.132888
0.0,26,5.134264
1.0,23,5.135485
1.0,23,5.136707
1.0,25,5.138032
1.0,27,5.139464
1.0,36,5.141374
1.0,26,5.142754
1.0,25,5.144079
1.0,23,5.145303
1.0,23,5.146524
1.0,25,5.147842
0.0,6,5.14817
1.0,44,5.150531
1.0,25,5.151849
0.0,28,5.153345
0.0,21,5.15446
1.0,24,5.155729
1.0,32,5.157422
1.0,25,5.158754
1.0,24,5.160029
1.0,23,5.16125
1.0,25,5.162572
1.0,23,5.163792
0.0,14,5.164538
1.0,42,5.166758
1.0,39,5.16883
0.0,15,5.169649
0.0,18,5.170607
1.0,34,5.172412
1.0,42,5.174641
0.0,12,5.175285
0.0,16,5.176139
0.0,67,5.179687
0.0,6,5.180021
1.0,43,5.182296
0.0,32,5.183989
0.0,21,5.18511
0.0,16,5.185962
0.0,24,5.187231
0.0,27,5.188662
1.0,198,5.19911
0.0,26,5.200499
1.0,118,5.206743
1.0,32,5.208441
1.0,26,5.209822
1.0,41,5.211989
0.0,18,5.212951
0.0,20,5.214041
1.0,31,5.21569
0.0,23,5.216918
1.0,53,5.219729
1.0,32,5.221434
1.0,25,5.222764
1.0,30,5.224357
1.0,23,5.225584
1.0,23,5.226806
1.0,23,5.228032
1.0,24,5.229309
1.0,27,5.230745
1.0,25,5.232071
1.0,27,5.233506
1.0,26,5.234889
1.0,23,5.23611
0.0,8,5.236543
1.0,23,5.237768
1.0,23,5.238995
1.0,27,5.240431
1.0,23,5.241655
1.0,27,5.243085
0.0,12,5.24373
1.0,24,5.245013
0.0,1,5.245076
0.0,8,5.245513
0.0,14,5.246264
1.0,28,5.247753
1.0,25,5.249084
1.0,27,5.250518
0.0,14,5.251265
1.0,27,5.252691
0.0,12,5.253335
1.0,27,5.254764
1.0,25,5.256085
1.0,25,5.257422
0.0,14,5.258176
1.0,76,5.262223
1.0,75,5.266208
1.0,49,5.268791
1.0,33,5.270558
0.0,6,5.270883
1.0,24,5.27216
1.0,27,5.273589
0.0,18,5.27454
1.0,29,5.276091
0.0,10,5.276628
1.0,35,5.278486
1.0,27,5.279946
1.0,26,5.281333
1.0,26,5.282711
1.0,28,5.284207
1.0,27,5.285638
0.0,14,5.286382
0.0,8,5.286822
1.0,23,5.288039
1.0,23,5.289268
0.0,19,5.290284
0.0,17,5.291186
1.0,29,5.292726
1.0,24,5.294002
1.0,24,5.295273
1.0,23,5.296495
1.0,29,5.298029
1.0,24,5.299309
1.0,23,5.300537
0.0,16,5.301389
1.0,34,5.303183
1.0,27,5.304672
