#{"t_start": 1715522950.095652, "env_id": "Office-single-v0"}
r,l,t
0.0,24,0.001731
0.0,17,0.002668
0.0,16,0.003526
0.0,116,0.009566
0.0,12,0.010199
1.0,43,0.012437
0.0,6,0.012764
0.0,62,0.015961
0.0,41,0.01808
0.0,11,0.018656
0.0,20,0.019693
0.0,99,0.024784
0.0,28,0.026225
0.0,55,0.029033
0.0,44,0.031279
0.0,15,0.032052
0.0,61,0.035172
0.0,22,0.036307
0.0,15,0.03708
0.0,34,0.038826
0.0,78,0.042809
0.0,20,0.043842
0.0,54,0.046612
1.0,196,0.056691
0.0,27,0.058081
0.0,32,0.059723
0.0,117,0.065727
0.0,76,0.06966
0.0,9,0.070134
1.0,88,0.074658
0.0,43,0.076885
0.0,29,0.078392
0.0,45,0.080691
0.0,99,0.085727
0.0,3,0.085894
0.0,3,0.086061
1.0,104,0.091371
0.0,83,0.09563
0.0,57,0.098556
0.0,2,0.098673
1.0,101,0.103845
1.0,129,0.110459
0.0,73,0.1142
0.0,60,0.117279
0.0,51,0.1199
0.0,67,0.123339
0.0,54,0.126112
0.0,57,0.129034
0.0,36,0.13089
0.0,22,0.132026
0.0,85,0.1364
0.0,22,0.137535
0.0,35,0.139338
1.0,246,0.151926
0.0,71,0.155576
0.0,26,0.156932
0.0,4,0.157148
0.0,7,0.157519
1.0,306,0.173206
0.0,32,0.174855
0.0,102,0.180085
0.0,154,0.187977
0.0,2,0.18809
0.0,8,0.188509
0.0,15,0.189284
0.0,75,0.193145
0.0,17,0.194026
0.0,21,0.195111
1.0,108,0.200677
0.0,50,0.203247
0.0,9,0.20372
1.0,134,0.210625
0.0,47,0.213052
0.0,11,0.213626
1.0,126,0.220099
1.0,74,0.223888
0.0,17,0.224774
0.0,3,0.22494
0.0,62,0.228164
0.0,164,0.236568
0.0,30,0.238118
0.0,1,0.23818
0.0,58,0.24116
0.0,15,0.241941
1.0,78,0.245952
0.0,172,0.254755
0.0,4,0.254971
1.0,208,0.265661
1.0,93,0.270416
1.0,96,0.275339
0.0,77,0.27936
0.0,14,0.280086
1.0,44,0.282338
0.0,34,0.284091
0.0,74,0.287879
0.0,4,0.288096
1.0,43,0.290303
1.0,51,0.292918
1.0,325,0.309591
0.0,27,0.310988
0.0,51,0.313599
0.0,2,0.313713
1.0,187,0.323273
1.0,393,0.343447
1.0,138,0.350516
0.0,27,0.351909
0.0,7,0.352275
0.0,16,0.353103
0.0,60,0.356185
0.0,117,0.362195
1.0,38,0.364138
0.0,10,0.364658
0.0,83,0.368901
0.0,22,0.370035
1.0,35,0.371824
0.0,33,0.373519
0.0,21,0.374603
0.0,20,0.375636
0.0,11,0.376213
0.0,27,0.377613
0.0,12,0.378237
0.0,44,0.380507
0.0,2,0.380619
0.0,142,0.387904
0.0,39,0.389919
0.0,58,0.392907
1.0,120,0.399059
1.0,37,0.40097
0.0,88,0.405475
1.0,66,0.408862
0.0,18,0.409816
0.0,4,0.410031
0.0,22,0.411168
0.0,4,0.411384
0.0,1,0.411446
1.0,117,0.417484
0.0,100,0.422605
0.0,81,0.426765
0.0,23,0.42795
0.0,6,0.428268
1.0,196,0.438292
0.0,82,0.442495
0.0,10,0.443019
1.0,108,0.448816
0.0,71,0.452447
0.0,47,0.454847
1.0,198,0.465026
0.0,17,0.46591
1.0,51,0.468538
0.0,31,0.470136
0.0,63,0.47338
1.0,113,0.479264
1.0,170,0.488024
0.0,7,0.488397
1.0,44,0.490645
1.0,151,0.498443
1.0,56,0.501315
0.0,13,0.501991
0.0,20,0.503028
0.0,2,0.503141
1.0,16,0.503967
1.0,22,0.505101
1.0,47,0.50752
1.0,84,0.511841
0.0,6,0.512162
0.0,60,0.522764
1.0,204,0.533846
0.0,21,0.534992
0.0,35,0.536858
0.0,51,0.539565
0.0,14,0.540317
0.0,10,0.540855
0.0,37,0.542816
0.0,63,0.546326
0.0,15,0.547123
0.0,15,0.547937
0.0,2,0.548051
0.0,61,0.551213
0.0,17,0.552106
0.0,38,0.554084
0.0,67,0.557556
0.0,1,0.557621
0.0,25,0.558927
0.0,32,0.56059
0.0,4,0.560808
0.0,31,0.562423
0.0,4,0.562641
0.0,42,0.564823
0.0,121,0.571105
1.0,89,0.575735
0.0,43,0.577981
1.0,103,0.583318
0.0,27,0.584731
0.0,33,0.586453
1.0,108,0.59209
0.0,47,0.594538
0.0,22,0.595691
0.0,109,0.601363
0.0,107,0.606928
0.0,22,0.608086
0.0,9,0.608564
0.0,20,0.609609
1.0,73,0.613403
0.0,63,0.616679
1.0,131,0.623506
1.0,196,0.633671
0.0,21,0.634771
1.0,66,0.638187
0.0,10,0.638717
0.0,33,0.640427
0.0,98,0.645518
0.0,4,0.645738
0.0,51,0.648391
1.0,26,0.649735
0.0,58,0.652747
0.0,17,0.653645
0.0,12,0.654279
0.0,48,0.656792
1.0,54,0.659581
0.0,176,0.668719
0.0,17,0.669616
0.0,16,0.670461
0.0,56,0.67337
1.0,31,0.674978
0.0,20,0.67603
0.0,38,0.678004
0.0,23,0.679207
1.0,88,0.683785
0.0,25,0.68509
0.0,16,0.685927
0.0,27,0.687335
0.0,18,0.688279
0.0,28,0.689735
0.0,64,0.69306
0.0,65,0.696436
0.0,117,0.702517
0.0,6,0.702837
1.0,181,0.712253
0.0,49,0.714812
1.0,179,0.72411
0.0,115,0.730073
0.0,32,0.73174
1.0,67,0.73521
0.0,8,0.735636
1.0,47,0.738065
1.0,31,0.739671
0.0,7,0.740043
0.0,90,0.744702
0.0,2,0.744817
0.0,2,0.74493
0.0,56,0.747846
0.0,180,0.757185
0.0,20,0.758238
0.0,211,0.769215
1.0,68,0.772719
0.0,8,0.773142
0.0,10,0.773666
1.0,102,0.778943
0.0,8,0.779368
0.0,41,0.781493
1.0,52,0.78419
0.0,22,0.785337
0.0,64,0.78868
1.0,111,0.794436
0.0,85,0.798856
0.0,99,0.803962
0.0,5,0.804232
1.0,83,0.808528
0.0,93,0.813374
1.0,75,0.817274
0.0,4,0.81749
1.0,29,0.819009
0.0,13,0.819693
1.0,32,0.821352
1.0,50,0.823957
0.0,27,0.82536
0.0,11,0.825935
0.0,10,0.826463
0.0,4,0.826682
0.0,104,0.832131
0.0,39,0.834155
0.0,5,0.834423
1.0,92,0.839196
1.0,117,0.845284
1.0,48,0.847783
1.0,137,0.85492
1.0,109,0.860583
0.0,135,0.867604
0.0,15,0.868396
0.0,1,0.868457
0.0,63,0.871734
1.0,153,0.879686
1.0,123,0.886076
0.0,54,0.888898
0.0,4,0.889117
1.0,83,0.89342
0.0,24,0.894669
1.0,15,0.895454
0.0,10,0.895981
0.0,5,0.896249
1.0,28,0.897714
0.0,12,0.898383
0.0,2,0.898505
1.0,149,0.906277
1.0,29,0.907784
0.0,38,0.909746
0.0,42,0.911927
1.0,17,0.912854
0.0,12,0.913509
0.0,31,0.91513
1.0,47,0.917579
0.0,22,0.918728
0.0,34,0.920493
1.0,41,0.922647
0.0,25,0.923947
0.0,37,0.925881
1.0,67,0.929366
1.0,32,0.93103
1.0,22,0.932174
0.0,25,0.933473
0.0,9,0.933949
0.0,6,0.934269
1.0,39,0.936292
0.0,29,0.937805
0.0,19,0.938797
0.0,241,0.951253
0.0,28,0.952708
0.0,24,0.95396
1.0,58,0.956971
1.0,154,0.964962
1.0,116,0.970995
0.0,67,0.974477
1.0,101,0.979775
0.0,47,0.982214
0.0,23,0.983417
0.0,88,0.988008
0.0,173,0.996961
1.0,76,1.000908
0.0,140,1.008148
0.0,33,1.009867
0.0,47,1.012306
1.0,23,1.013498
0.0,18,1.014439
1.0,26,1.015784
0.0,27,1.017185
1.0,81,1.021385
0.0,14,1.02212
0.0,28,1.023574
1.0,30,1.025132
0.0,28,1.026588
1.0,126,1.033102
1.0,35,1.034917
0.0,11,1.035498
1.0,25,1.036802
0.0,15,1.037599
1.0,67,1.041097
0.0,43,1.043322
1.0,60,1.046725
0.0,13,1.047412
1.0,24,1.048666
1.0,24,1.049914
0.0,11,1.050494
1.0,138,1.057685
0.0,22,1.058841
1.0,33,1.060525
1.0,76,1.064456
0.0,139,1.071672
0.0,141,1.079001
0.0,18,1.079941
0.0,4,1.080159
0.0,83,1.084441
1.0,71,1.088122
1.0,25,1.08942
1.0,30,1.090976
0.0,13,1.091661
0.0,26,1.093025
0.0,57,1.095977
0.0,12,1.096607
0.0,19,1.097606
0.0,30,1.099163
1.0,115,1.105117
1.0,13,1.105798
0.0,36,1.107681
0.0,60,1.110792
1.0,93,1.115615
1.0,24,1.116862
0.0,42,1.11907
0.0,43,1.121308
0.0,6,1.121629
0.0,10,1.122159
1.0,118,1.128277
1.0,56,1.13119
0.0,8,1.131615
1.0,64,1.134946
1.0,27,1.136355
0.0,15,1.137138
1.0,23,1.138331
0.0,17,1.139226
0.0,93,1.144051
0.0,64,1.14737
1.0,163,1.155819
0.0,74,1.159671
0.0,20,1.160713
1.0,162,1.169104
1.0,28,1.170557
0.0,22,1.171701
1.0,17,1.172588
1.0,19,1.173572
0.0,20,1.17461
1.0,52,1.17731
0.0,25,1.178632
1.0,74,1.182468
0.0,67,1.185956
1.0,20,1.186996
1.0,20,1.188043
0.0,29,1.18955
0.0,17,1.19044
1.0,77,1.194447
0.0,6,1.194768
0.0,39,1.196791
1.0,17,1.19768
0.0,41,1.199802
0.0,39,1.201833
0.0,1,1.201893
1.0,248,1.214934
1.0,46,1.217331
0.0,73,1.221138
1.0,47,1.223591
0.0,25,1.22489
0.0,46,1.227291
0.0,125,1.233774
1.0,31,1.235381
1.0,64,1.238685
0.0,2,1.238797
0.0,27,1.240206
1.0,51,1.242856
0.0,6,1.243177
1.0,76,1.247128
1.0,82,1.251384
0.0,24,1.252639
1.0,58,1.255643
1.0,44,1.257919
0.0,15,1.258703
0.0,9,1.25918
0.0,105,1.264627
1.0,103,1.269975
1.0,39,1.271993
1.0,69,1.275561
1.0,63,1.278843
0.0,25,1.280158
0.0,165,1.288674
0.0,22,1.289821
1.0,20,1.290859
0.0,11,1.291435
0.0,25,1.292742
0.0,66,1.296183
1.0,131,1.302962
0.0,67,1.306438
1.0,39,1.308461
0.0,12,1.309088
1.0,227,1.320845
0.0,4,1.321063
1.0,70,1.32467
1.0,65,1.328049
1.0,26,1.329439
1.0,25,1.330727
0.0,11,1.331306
1.0,54,1.334082
0.0,20,1.335122
1.0,56,1.338012
0.0,22,1.339157
1.0,92,1.343924
0.0,17,1.344868
0.0,34,1.34666
0.0,2,1.346772
0.0,24,1.348022
1.0,38,1.349992
1.0,143,1.357396
0.0,41,1.359535
0.0,46,1.361914
0.0,33,1.363633
0.0,3,1.363796
1.0,129,1.370428
1.0,25,1.37172
1.0,47,1.374154
1.0,139,1.381325
0.0,38,1.383304
1.0,45,1.385606
0.0,34,1.387365
0.0,32,1.389027
0.0,18,1.389965
0.0,1,1.390027
1.0,23,1.391219
0.0,19,1.39221
1.0,75,1.396095
0.0,14,1.39683
1.0,37,1.398751
0.0,2,1.398865
0.0,22,1.400013
1.0,42,1.402194
1.0,101,1.40742
0.0,6,1.407747
1.0,53,1.410513
0.0,59,1.413572
0.0,55,1.41648
1.0,41,1.418612
1.0,8,1.419032
1.0,99,1.424144
0.0,15,1.424932
0.0,19,1.425925
0.0,4,1.42614
0.0,4,1.426356
1.0,88,1.430923
1.0,43,1.433142
1.0,24,1.434385
0.0,42,1.436559
0.0,18,1.437492
1.0,48,1.439967
1.0,26,1.441312
0.0,24,1.442561
0.0,14,1.443309
0.0,12,1.443959
1.0,41,1.446078
0.0,23,1.447271
1.0,30,1.448827
1.0,30,1.450378
0.0,19,1.451445
0.0,6,1.451838
0.0,15,1.452754
0.0,11,1.453355
0.0,18,1.454294
1.0,114,1.460217
0.0,44,1.462498
0.0,4,1.462714
0.0,26,1.464067
1.0,156,1.472149
1.0,23,1.473351
0.0,35,1.47517
0.0,35,1.477038
0.0,16,1.477877
0.0,10,1.478404
1.0,24,1.479644
0.0,100,1.484822
1.0,31,1.486433
0.0,21,1.487521
0.0,7,1.487896
0.0,13,1.488579
0.0,18,1.48952
1.0,136,1.496582
0.0,28,1.498035
1.0,55,1.500879
1.0,27,1.502276
1.0,19,1.503255
1.0,24,1.5045
1.0,18,1.50543
0.0,9,1.505909
0.0,10,1.506436
0.0,24,1.507681
1.0,17,1.508558
0.0,9,1.509032
1.0,15,1.50981
0.0,14,1.510569
0.0,15,1.511348
0.0,12,1.511974
0.0,10,1.512506
0.0,10,1.513033
0.0,9,1.513506
1.0,67,1.516967
1.0,20,1.517996
0.0,23,1.519195
1.0,25,1.520487
0.0,9,1.520964
0.0,26,1.522316
0.0,103,1.527598
1.0,87,1.532101
0.0,32,1.533752
1.0,73,1.537525
1.0,70,1.541145
0.0,27,1.542544
1.0,62,1.545755
0.0,19,1.546741
0.0,9,1.547213
0.0,46,1.549601
0.0,39,1.551621
0.0,32,1.553272
0.0,27,1.554673
1.0,71,1.558343
1.0,62,1.561549
0.0,17,1.562434
1.0,14,1.563163
0.0,6,1.56348
0.0,2,1.563592
0.0,9,1.564123
1.0,137,1.571201
1.0,14,1.571937
0.0,30,1.573485
0.0,43,1.575733
0.0,31,1.577341
0.0,4,1.577559
1.0,12,1.578188
0.0,10,1.578713
1.0,48,1.581196
0.0,36,1.583068
0.0,85,1.587465
1.0,22,1.588613
0.0,22,1.589759
0.0,31,1.591368
0.0,104,1.596743
1.0,38,1.598714
1.0,23,1.599903
0.0,46,1.602286
1.0,48,1.604761
0.0,65,1.608134
1.0,89,1.612804
0.0,25,1.614103
1.0,23,1.61529
0.0,87,1.619801
0.0,58,1.622803
0.0,124,1.629215
1.0,20,1.630258
1.0,64,1.633552
0.0,4,1.63377
0.0,6,1.634089
0.0,91,1.638797
0.0,45,1.641124
0.0,43,1.643368
0.0,7,1.643738
0.0,9,1.644211
0.0,42,1.646388
1.0,41,1.648513
0.0,47,1.65095
1.0,37,1.652869
1.0,145,1.660382
0.0,10,1.660915
0.0,26,1.662269
1.0,32,1.663946
0.0,12,1.66458
0.0,37,1.666507
1.0,121,1.672784
0.0,22,1.673936
1.0,54,1.676754
0.0,26,1.678113
1.0,95,1.683051
0.0,28,1.684515
0.0,3,1.684678
0.0,10,1.685204
1.0,22,1.686348
1.0,15,1.687129
1.0,39,1.689166
0.0,14,1.689896
1.0,31,1.691504
1.0,14,1.692237
1.0,17,1.693119
0.0,27,1.694504
0.0,50,1.697088
0.0,17,1.69798
0.0,46,1.700338
1.0,110,1.706028
0.0,10,1.706558
0.0,68,1.710073
0.0,56,1.712978
0.0,91,1.717682
0.0,16,1.718518
1.0,20,1.719554
0.0,27,1.720958
0.0,19,1.72195
0.0,48,1.724425
1.0,32,1.726088
0.0,41,1.728222
0.0,14,1.728957
0.0,38,1.730925
1.0,63,1.734193
1.0,37,1.736115
1.0,20,1.737153
0.0,16,1.737993
0.0,8,1.738419
0.0,27,1.739823
0.0,74,1.743662
1.0,36,1.745536
0.0,46,1.747926
1.0,27,1.749328
0.0,30,1.750882
0.0,121,1.75714
0.0,25,1.758454
1.0,54,1.761268
0.0,89,1.765899
0.0,59,1.768971
0.0,77,1.772943
0.0,2,1.773057
0.0,26,1.774445
0.0,4,1.774664
0.0,37,1.7766
1.0,153,1.784544
0.0,44,1.786838
0.0,71,1.790521
0.0,56,1.793439
1.0,36,1.795316
1.0,36,1.797189
1.0,35,1.799014
1.0,29,1.800528
0.0,149,1.80825
0.0,18,1.809189
0.0,29,1.810697
1.0,75,1.814575
0.0,11,1.815149
0.0,3,1.815314
1.0,156,1.8234
1.0,38,1.825368
1.0,34,1.827132
1.0,18,1.828075
0.0,31,1.829688
1.0,54,1.83248
0.0,18,1.833432
0.0,29,1.834939
0.0,66,1.838365
0.0,24,1.839631
0.0,8,1.840054
0.0,96,1.845028
0.0,6,1.845349
0.0,46,1.847738
0.0,45,1.850086
1.0,200,1.860446
1.0,232,1.87244
0.0,29,1.873956
0.0,53,1.876697
1.0,93,1.881513
0.0,36,1.883388
1.0,71,1.887056
1.0,66,1.890515
0.0,4,1.890734
1.0,33,1.892443
1.0,54,1.895232
0.0,37,1.89716
1.0,137,1.904292
0.0,24,1.905547
1.0,32,1.907206
1.0,32,1.908864
1.0,39,1.910883
0.0,85,1.915299
0.0,26,1.916653
1.0,30,1.918201
1.0,75,1.922083
0.0,85,1.926494
1.0,46,1.928884
1.0,66,1.932267
1.0,28,1.933722
0.0,25,1.935024
1.0,28,1.936476
0.0,218,1.947809
1.0,57,1.950754
0.0,1,1.950816
0.0,46,1.9532
1.0,28,1.95464
0.0,18,1.955585
1.0,17,1.956473
0.0,23,1.957675
1.0,32,1.959304
1.0,18,1.960285
0.0,16,1.961138
1.0,35,1.962971
1.0,64,1.966212
1.0,32,1.967863
1.0,114,1.973832
1.0,19,1.975453
1.0,26,1.976858
0.0,31,1.978508
0.0,6,1.978855
0.0,16,1.979745
1.0,56,1.982803
0.0,18,1.983797
0.0,9,1.984306
0.0,28,1.985832
1.0,15,1.986661
1.0,27,1.988128
0.0,30,1.989754
1.0,50,1.992501
0.0,12,1.993156
1.0,13,1.993854
0.0,4,1.994084
1.0,64,1.997482
1.0,48,2.000037
0.0,16,2.000895
1.0,25,2.002218
0.0,32,2.003918
1.0,54,2.006782
0.0,80,2.01105
1.0,72,2.014864
0.0,12,2.015512
1.0,66,2.018986
0.0,44,2.021308
1.0,21,2.022416
1.0,26,2.023784
0.0,33,2.025521
0.0,26,2.026893
0.0,11,2.027481
1.0,32,2.029168
1.0,29,2.030693
0.0,22,2.031862
1.0,71,2.035611
0.0,5,2.03589
0.0,35,2.037744
0.0,22,2.03891
0.0,15,2.039709
1.0,63,2.043014
1.0,27,2.044444
1.0,22,2.0456
1.0,18,2.046554
1.0,19,2.047557
0.0,17,2.048453
0.0,17,2.049351
0.0,19,2.050355
0.0,13,2.051049
0.0,20,2.052112
0.0,16,2.052962
0.0,45,2.055341
0.0,67,2.058868
0.0,61,2.062096
0.0,54,2.064956
0.0,63,2.068276
0.0,22,2.069444
0.0,33,2.071184
0.0,6,2.071511
1.0,182,2.081189
1.0,70,2.084876
0.0,35,2.086862
0.0,25,2.088188
0.0,28,2.089671
0.0,31,2.091303
0.0,23,2.092521
0.0,34,2.094323
1.0,62,2.097592
0.0,40,2.099852
1.0,36,2.1018
0.0,16,2.102654
0.0,38,2.104661
1.0,54,2.107515
0.0,22,2.108693
0.0,55,2.111699
0.0,39,2.113828
0.0,24,2.115147
1.0,66,2.118914
0.0,12,2.119644
1.0,28,2.121162
1.0,38,2.123173
0.0,31,2.124814
0.0,30,2.126395
1.0,29,2.127975
1.0,66,2.131576
0.0,16,2.132441
1.0,41,2.134611
1.0,30,2.136233
1.0,54,2.139069
0.0,9,2.139553
0.0,22,2.1407
0.0,8,2.141128
1.0,40,2.143244
1.0,38,2.145223
0.0,16,2.146064
0.0,42,2.148238
0.0,11,2.148903
0.0,42,2.151109
1.0,24,2.152371
0.0,18,2.153315
1.0,31,2.154924
1.0,21,2.156018
1.0,69,2.159626
0.0,28,2.161077
0.0,21,2.16217
0.0,25,2.163473
1.0,16,2.164309
0.0,14,2.165049
0.0,16,2.165893
1.0,21,2.167018
1.0,22,2.168166
0.0,49,2.170687
0.0,40,2.17277
0.0,9,2.173249
1.0,54,2.176046
1.0,30,2.177605
0.0,28,2.179069
1.0,72,2.182822
1.0,50,2.185425
1.0,17,2.186309
1.0,15,2.187093
0.0,17,2.187983
0.0,80,2.192159
0.0,1,2.192223
0.0,59,2.195287
0.0,6,2.195608
0.0,19,2.196602
1.0,16,2.197431
0.0,77,2.201437
1.0,16,2.202271
1.0,155,2.210304
1.0,81,2.214502
0.0,28,2.215967
1.0,49,2.21853
0.0,38,2.220529
0.0,29,2.222066
0.0,16,2.222941
1.0,27,2.224365
0.0,23,2.225577
1.0,20,2.22663
0.0,8,2.227059
1.0,16,2.227911
1.0,57,2.230897
0.0,27,2.232326
0.0,14,2.233088
1.0,20,2.23415
0.0,34,2.23595
1.0,89,2.240733
0.0,12,2.241393
0.0,21,2.242513
0.0,30,2.244107
1.0,42,2.246328
1.0,30,2.247913
1.0,35,2.249767
0.0,14,2.250515
1.0,42,2.252738
0.0,6,2.253068
0.0,21,2.254176
1.0,24,2.255444
0.0,51,2.258144
1.0,45,2.260532
0.0,18,2.261491
1.0,40,2.263608
1.0,29,2.265149
1.0,75,2.26914
1.0,38,2.271165
1.0,42,2.273389
0.0,14,2.274137
1.0,51,2.276839
1.0,46,2.279293
0.0,13,2.279994
0.0,123,2.286686
0.0,22,2.287901
0.0,27,2.28935
0.0,51,2.292064
0.0,61,2.295308
0.0,15,2.296116
0.0,16,2.29698
1.0,149,2.304881
1.0,76,2.308924
0.0,18,2.309918
0.0,28,2.311402
1.0,51,2.314106
1.0,68,2.317717
1.0,39,2.319808
0.0,7,2.320197
0.0,72,2.324005
0.0,54,2.326865
0.0,31,2.328506
0.0,44,2.330846
0.0,9,2.331333
0.0,12,2.331977
0.0,6,2.332302
1.0,44,2.33462
1.0,21,2.335733
0.0,9,2.336221
1.0,31,2.337866
0.0,66,2.34137
0.0,11,2.341966
0.0,14,2.342716
0.0,4,2.342937
0.0,18,2.34389
0.0,13,2.344583
0.0,10,2.345123
1.0,123,2.351686
0.0,34,2.353499
0.0,28,2.354983
1.0,45,2.357368
0.0,6,2.357695
0.0,15,2.358495
0.0,33,2.360248
0.0,42,2.362473
1.0,34,2.364263
1.0,37,2.366202
1.0,23,2.367419
0.0,8,2.367849
0.0,14,2.368594
0.0,26,2.369971
0.0,7,2.37035
0.0,36,2.372259
0.0,7,2.372643
1.0,42,2.374873
1.0,22,2.376041
0.0,9,2.376526
1.0,27,2.377952
0.0,12,2.378601
0.0,6,2.378925
1.0,13,2.379621
1.0,26,2.380971
0.0,26,2.38235
0.0,34,2.384119
0.0,43,2.386386
1.0,20,2.387442
1.0,14,2.38819
0.0,31,2.389816
0.0,15,2.390617
0.0,11,2.391207
0.0,29,2.392754
0.0,48,2.395385
1.0,63,2.398717
0.0,23,2.399947
0.0,10,2.400487
1.0,37,2.402432
1.0,28,2.40391
1.0,18,2.404861
1.0,17,2.405763
1.0,32,2.407456
1.0,18,2.40841
1.0,16,2.409261
0.0,16,2.410104
1.0,17,2.410995
1.0,18,2.411956
1.0,25,2.413278
1.0,28,2.414776
0.0,14,2.415518
0.0,12,2.416163
0.0,12,2.416808
0.0,2,2.416922
0.0,15,2.417726
0.0,70,2.421427
0.0,54,2.424284
1.0,38,2.426286
0.0,15,2.427085
0.0,4,2.427304
0.0,20,2.428358
1.0,56,2.431289
1.0,19,2.432296
1.0,19,2.433303
0.0,48,2.435842
0.0,9,2.436326
0.0,13,2.43702
1.0,16,2.437854
0.0,14,2.438603
0.0,11,2.439191
0.0,36,2.441089
1.0,14,2.441835
1.0,24,2.443088
1.0,23,2.4443
0.0,48,2.44682
0.0,39,2.448882
1.0,18,2.449833
0.0,12,2.450469
1.0,13,2.45116
1.0,18,2.452106
0.0,9,2.452593
0.0,17,2.453491
0.0,34,2.455286
1.0,32,2.456974
0.0,11,2.457563
0.0,128,2.46429
0.0,13,2.464993
0.0,34,2.466803
0.0,69,2.470517
0.0,21,2.471694
0.0,51,2.474852
0.0,68,2.478762
1.0,14,2.479575
1.0,35,2.481508
0.0,7,2.481916
0.0,8,2.482367
0.0,4,2.482599
0.0,16,2.483482
0.0,12,2.484151
0.0,180,2.494135
1.0,79,2.498611
0.0,12,2.499346
1.0,39,2.501535
1.0,89,2.506328
1.0,22,2.5075
0.0,48,2.509993
1.0,43,2.512318
0.0,7,2.512707
1.0,20,2.513769
1.0,20,2.5148
1.0,34,2.516546
0.0,8,2.51697
0.0,9,2.517447
0.0,9,2.517926
1.0,13,2.518601
1.0,93,2.523432
1.0,17,2.524319
0.0,13,2.524999
1.0,20,2.526065
0.0,17,2.526955
0.0,17,2.527838
0.0,34,2.529598
0.0,17,2.530479
0.0,33,2.532167
1.0,15,2.532947
1.0,15,2.533734
1.0,15,2.534513
0.0,4,2.534729
1.0,13,2.535405
0.0,4,2.53562
1.0,20,2.536645
0.0,12,2.537268
1.0,34,2.539002
0.0,11,2.539581
1.0,22,2.540732
1.0,19,2.541719
0.0,7,2.542096
0.0,13,2.542782
0.0,13,2.54346
0.0,38,2.545436
1.0,48,2.547898
0.0,11,2.548477
0.0,13,2.549159
0.0,11,2.549737
0.0,31,2.551327
0.0,16,2.552162
0.0,2,2.552274
0.0,13,2.552953
0.0,17,2.55384
1.0,28,2.555279
0.0,20,2.556325
0.0,4,2.556538
0.0,18,2.557472
0.0,10,2.557999
0.0,18,2.55893
1.0,43,2.561147
0.0,13,2.561855
0.0,70,2.565471
1.0,85,2.569862
0.0,13,2.570544
0.0,16,2.571377
0.0,8,2.571799
0.0,12,2.572432
1.0,20,2.573468
0.0,29,2.574997
0.0,25,2.576352
0.0,78,2.580436
0.0,13,2.581117
1.0,42,2.583284
1.0,55,2.58612
0.0,10,2.586646
0.0,45,2.58898
0.0,4,2.589193
1.0,206,2.599833
0.0,27,2.601318
1.0,31,2.602952
0.0,24,2.604204
0.0,53,2.606944
1.0,63,2.610257
0.0,38,2.612239
0.0,12,2.612873
0.0,22,2.61403
1.0,55,2.61689
0.0,56,2.619912
1.0,162,2.628328
0.0,51,2.630982
0.0,9,2.631459
0.0,8,2.631889
0.0,33,2.633594
0.0,18,2.634528
0.0,60,2.637631
1.0,74,2.641457
0.0,6,2.641776
0.0,17,2.642665
0.0,27,2.644071
1.0,50,2.646667
0.0,9,2.64714
0.0,21,2.648233
0.0,90,2.652896
0.0,46,2.655278
0.0,37,2.657197
0.0,45,2.659531
0.0,27,2.660961
0.0,51,2.663609
0.0,7,2.66398
0.0,72,2.667709
1.0,108,2.673308
0.0,81,2.677512
0.0,87,2.682019
0.0,62,2.68524
0.0,34,2.687007
0.0,38,2.688982
0.0,9,2.689457
1.0,42,2.691638
0.0,38,2.693621
0.0,44,2.695923
0.0,135,2.702886
0.0,4,2.703104
0.0,30,2.704681
0.0,19,2.705673
0.0,23,2.706868
0.0,82,2.711139
1.0,110,2.716821
1.0,23,2.718029
0.0,25,2.719339
0.0,24,2.720589
0.0,35,2.722401
0.0,15,2.723184
0.0,37,2.725087
1.0,19,2.726076
0.0,105,2.731518
0.0,50,2.734105
1.0,14,2.734837
1.0,52,2.737531
0.0,20,2.738567
0.0,13,2.739249
0.0,56,2.74214
0.0,82,2.746365
0.0,13,2.747046
1.0,154,2.755004
1.0,67,2.758489
0.0,11,2.759077
0.0,34,2.76091
1.0,44,2.763203
0.0,11,2.763785
0.0,117,2.769844
0.0,36,2.771722
0.0,101,2.77697
1.0,25,2.778262
0.0,15,2.779047
1.0,18,2.779971
0.0,10,2.780503
0.0,8,2.780929
0.0,14,2.781657
1.0,143,2.789025
0.0,129,2.795667
0.0,19,2.796665
1.0,46,2.799046
0.0,9,2.799524
0.0,20,2.800569
0.0,31,2.802182
1.0,24,2.803425
1.0,85,2.807814
1.0,12,2.808441
0.0,10,2.808964
0.0,28,2.81042
1.0,41,2.812539
0.0,7,2.812911
0.0,186,2.822539
0.0,15,2.823331
1.0,18,2.824264
0.0,3,2.824458
0.0,23,2.82564
0.0,9,2.826115
0.0,21,2.827241
0.0,41,2.829382
0.0,2,2.829495
1.0,19,2.830482
0.0,12,2.831116
0.0,34,2.832876
1.0,31,2.834481
0.0,9,2.834959
1.0,18,2.835891
0.0,10,2.836421
1.0,19,2.837397
1.0,60,2.840489
1.0,51,2.84309
1.0,37,2.845002
0.0,18,2.845941
0.0,23,2.847125
1.0,23,2.848317
1.0,23,2.849482
1.0,16,2.850312
0.0,11,2.850902
1.0,30,2.852445
1.0,14,2.853169
0.0,20,2.854195
0.0,9,2.854667
0.0,14,2.855392
0.0,34,2.857151
0.0,42,2.859328
0.0,14,2.860062
0.0,33,2.861774
0.0,25,2.863074
0.0,86,2.867523
0.0,95,2.87243
0.0,16,2.873267
0.0,10,2.873794
0.0,15,2.874578
1.0,76,2.878503
1.0,15,2.879288
0.0,13,2.879965
0.0,19,2.88095
1.0,17,2.881834
0.0,9,2.882308
1.0,13,2.882989
1.0,17,2.883874
0.0,8,2.884296
0.0,9,2.884769
0.0,13,2.885448
0.0,12,2.886079
0.0,11,2.886658
1.0,14,2.887381
1.0,12,2.888008
1.0,51,2.890623
0.0,10,2.891166
0.0,26,2.892515
1.0,50,2.895083
0.0,14,2.895807
0.0,6,2.896127
0.0,2,2.896239
1.0,47,2.898721
0.0,12,2.899358
1.0,15,2.90014
0.0,13,2.900829
1.0,34,2.902587
0.0,20,2.903629
1.0,69,2.907185
0.0,29,2.90869
0.0,6,2.909013
1.0,23,2.910205
0.0,11,2.910785
1.0,15,2.911566
0.0,12,2.912195
0.0,1,2.912261
0.0,21,2.913365
1.0,46,2.915741
0.0,18,2.916678
0.0,70,2.920287
0.0,100,2.925439
1.0,49,2.927999
1.0,25,2.929284
0.0,18,2.930215
1.0,19,2.93118
1.0,14,2.931906
0.0,14,2.932641
1.0,35,2.934428
0.0,43,2.936648
1.0,34,2.938395
0.0,7,2.938764
1.0,24,2.939988
0.0,9,2.940468
0.0,23,2.941643
0.0,17,2.942521
0.0,11,2.943099
0.0,27,2.944508
0.0,91,2.949202
1.0,181,2.958541
0.0,8,2.958972
0.0,12,2.959606
0.0,7,2.959976
0.0,20,2.961018
1.0,32,2.962671
0.0,7,2.963043
1.0,17,2.963926
1.0,24,2.965182
1.0,25,2.966477
1.0,80,2.970621
0.0,16,2.971461
1.0,22,2.972606
0.0,35,2.974408
0.0,13,2.97509
0.0,9,2.975568
0.0,11,2.976146
1.0,30,2.977742
1.0,38,2.979699
1.0,19,2.980691
1.0,27,2.982086
0.0,11,2.982664
1.0,26,2.984011
1.0,15,2.98479
1.0,14,2.985512
0.0,20,2.986535
1.0,17,2.987414
1.0,28,2.988849
0.0,11,2.989427
0.0,16,2.990254
0.0,21,2.991332
1.0,37,2.99323
0.0,13,2.993909
0.0,9,2.994383
0.0,13,2.995059
1.0,32,2.996704
0.0,11,2.997278
1.0,14,2.998008
1.0,26,2.999348
0.0,20,3.000382
0.0,16,3.001214
1.0,29,3.002696
0.0,28,3.004137
1.0,22,3.005267
1.0,13,3.005942
1.0,18,3.006873
1.0,23,3.008059
1.0,60,3.011139
0.0,18,3.01207
1.0,16,3.012899
1.0,16,3.013728
1.0,20,3.01476
0.0,11,3.015336
1.0,17,3.016215
0.0,11,3.016788
0.0,15,3.01757
0.0,11,3.018144
1.0,20,3.019179
0.0,10,3.019703
0.0,54,3.022519
0.0,22,3.023665
0.0,19,3.024652
0.0,13,3.025333
0.0,26,3.026678
0.0,26,3.028033
0.0,18,3.028971
1.0,15,3.02975
0.0,11,3.030324
0.0,56,3.033172
1.0,25,3.034458
1.0,33,3.036141
0.0,15,3.036924
0.0,25,3.038213
1.0,24,3.039447
0.0,23,3.040642
1.0,24,3.041869
0.0,22,3.043009
0.0,17,3.043885
1.0,12,3.044508
1.0,35,3.046291
0.0,2,3.046404
0.0,9,3.046877
1.0,28,3.048317
1.0,14,3.049035
1.0,15,3.049804
0.0,12,3.050434
1.0,21,3.051517
0.0,14,3.052245
0.0,45,3.054542
1.0,23,3.055723
0.0,18,3.05665
1.0,17,3.057525
1.0,17,3.058393
1.0,30,3.059913
0.0,4,3.060127
0.0,12,3.060758
1.0,18,3.061689
1.0,22,3.062838
0.0,61,3.065944
0.0,19,3.066918
1.0,43,3.069112
1.0,20,3.070148
1.0,17,3.071025
1.0,13,3.071695
0.0,13,3.072371
0.0,9,3.072849
1.0,37,3.074754
0.0,12,3.075381
0.0,9,3.075851
1.0,45,3.078159
1.0,29,3.079674
0.0,12,3.0803
0.0,58,3.083304
1.0,35,3.085094
0.0,12,3.085721
1.0,39,3.087717
1.0,26,3.089049
0.0,27,3.09044
1.0,28,3.091865
1.0,17,3.092747
0.0,21,3.093837
1.0,19,3.094814
0.0,2,3.094927
1.0,33,3.096627
1.0,15,3.097406
0.0,23,3.098588
0.0,16,3.099413
0.0,15,3.100191
1.0,86,3.10459
0.0,14,3.105318
0.0,9,3.105786
1.0,13,3.106466
1.0,26,3.10779
1.0,23,3.108974
0.0,17,3.109852
0.0,9,3.11032
0.0,13,3.111001
1.0,31,3.112586
0.0,13,3.113275
0.0,23,3.114462
0.0,22,3.11559
0.0,17,3.116473
0.0,11,3.117042
1.0,16,3.117867
0.0,44,3.120138
0.0,14,3.120866
0.0,27,3.122265
1.0,70,3.12582
1.0,32,3.127459
0.0,52,3.130138
0.0,7,3.130511
0.0,15,3.131288
0.0,9,3.13176
1.0,39,3.13374
0.0,35,3.135618
0.0,11,3.136196
0.0,33,3.1379
0.0,18,3.138837
0.0,30,3.140378
0.0,11,3.140951
0.0,2,3.141063
1.0,23,3.142247
0.0,17,3.14313
1.0,42,3.14529
0.0,114,3.151168
0.0,21,3.152257
1.0,25,3.153566
0.0,19,3.154554
1.0,87,3.15903
0.0,13,3.159718
1.0,75,3.163575
1.0,19,3.164565
1.0,22,3.165698
0.0,17,3.166586
0.0,21,3.167682
0.0,40,3.169766
0.0,11,3.170345
1.0,59,3.173407
0.0,32,3.17507
1.0,32,3.176723
0.0,12,3.177357
1.0,23,3.178561
0.0,34,3.180287
1.0,16,3.181121
0.0,21,3.182214
0.0,4,3.182428
0.0,9,3.182901
1.0,37,3.184813
0.0,13,3.185496
1.0,25,3.186784
1.0,29,3.188271
0.0,20,3.189311
0.0,7,3.189683
0.0,4,3.1899
0.0,11,3.190482
0.0,11,3.191061
0.0,13,3.191743
0.0,13,3.192425
0.0,60,3.195532
0.0,40,3.197595
0.0,49,3.200113
1.0,17,3.201
0.0,18,3.201939
0.0,27,3.203343
1.0,33,3.205049
1.0,19,3.206031
1.0,63,3.20925
0.0,9,3.209721
0.0,10,3.210247
0.0,15,3.211025
0.0,22,3.212165
0.0,13,3.212842
0.0,63,3.216081
1.0,19,3.217054
0.0,9,3.217529
0.0,80,3.22168
0.0,15,3.222455
0.0,11,3.223032
0.0,7,3.223401
0.0,39,3.2254
1.0,28,3.226839
1.0,25,3.228123
0.0,5,3.22839
0.0,7,3.228759
0.0,46,3.231093
1.0,24,3.232329
0.0,10,3.232851
1.0,15,3.233625
0.0,16,3.234456
1.0,31,3.236048
0.0,12,3.236677
1.0,34,3.238413
0.0,15,3.239194
0.0,28,3.240645
0.0,2,3.240759
0.0,85,3.245137
1.0,90,3.249768
1.0,42,3.25192
1.0,68,3.255409
0.0,72,3.259099
0.0,37,3.261016
0.0,83,3.265229
1.0,39,3.26724
1.0,61,3.270368
0.0,41,3.272487
0.0,45,3.274809
0.0,4,3.275025
0.0,16,3.275855
0.0,29,3.277359
0.0,22,3.2785
0.0,128,3.285106
0.0,33,3.286845
1.0,48,3.289315
1.0,21,3.290405
0.0,37,3.292278
0.0,10,3.292802
1.0,115,3.298736
0.0,6,3.299058
1.0,15,3.299838
0.0,9,3.300315
0.0,10,3.300842
0.0,53,3.303579
0.0,57,3.30653
0.0,37,3.308448
0.0,103,3.313754
0.0,166,3.322308
0.0,17,3.323197
0.0,37,3.325123
0.0,15,3.325909
1.0,127,3.332479
0.0,4,3.332698
1.0,79,3.336765
1.0,80,3.340881
1.0,24,3.342118
0.0,43,3.344345
1.0,30,3.345899
0.0,6,3.346219
0.0,19,3.347211
0.0,6,3.347529
0.0,26,3.348871
0.0,16,3.349702
1.0,23,3.350893
0.0,36,3.352759
0.0,7,3.353132
1.0,21,3.354214
1.0,19,3.355187
0.0,4,3.355402
1.0,32,3.357055
1.0,32,3.358713
0.0,34,3.36045
0.0,1,3.360511
1.0,16,3.361347
0.0,29,3.362839
0.0,14,3.363571
1.0,21,3.364651
0.0,13,3.365337
1.0,25,3.366612
0.0,10,3.367141
1.0,13,3.367816
1.0,15,3.368587
0.0,39,3.370576
1.0,22,3.371714
1.0,64,3.375025
0.0,6,3.375346
0.0,22,3.376486
0.0,34,3.378222
1.0,14,3.378945
1.0,16,3.379775
1.0,28,3.381222
1.0,19,3.382211
0.0,24,3.383453
0.0,15,3.384236
0.0,25,3.38552
0.0,23,3.38671
0.0,7,3.387079
0.0,17,3.387987
0.0,9,3.38849
0.0,24,3.389754
0.0,14,3.390488
0.0,10,3.391012
0.0,25,3.392301
0.0,16,3.393134
0.0,55,3.395988
0.0,39,3.398009
0.0,22,3.399159
0.0,24,3.400407
0.0,60,3.403514
1.0,76,3.407459
0.0,18,3.408405
0.0,42,3.410624
1.0,87,3.415128
0.0,32,3.416788
1.0,35,3.41861
1.0,38,3.420567
0.0,5,3.420835
0.0,2,3.420946
1.0,43,3.423155
1.0,83,3.42742
0.0,39,3.4294
1.0,31,3.431004
0.0,18,3.431937
0.0,8,3.432357
1.0,27,3.433748
0.0,5,3.434014
1.0,53,3.436739
0.0,13,3.437417
1.0,15,3.438198
0.0,13,3.438876
0.0,26,3.440207
1.0,33,3.441906
1.0,51,3.444511
0.0,15,3.445285
0.0,15,3.446065
0.0,14,3.446794
1.0,23,3.447981
0.0,13,3.44866
0.0,39,3.450676
0.0,15,3.451454
0.0,23,3.452647
1.0,40,3.454713
0.0,11,3.455291
0.0,37,3.457204
1.0,50,3.459877
0.0,14,3.460696
1.0,42,3.463001
1.0,31,3.464609
1.0,38,3.46658
1.0,26,3.46793
1.0,15,3.468706
1.0,22,3.469834
0.0,16,3.470656
1.0,36,3.47251
1.0,19,3.473489
0.0,10,3.474017
1.0,18,3.474942
0.0,15,3.47572
1.0,14,3.476447
0.0,11,3.477019
0.0,5,3.477284
1.0,21,3.478371
0.0,17,3.479249
0.0,24,3.48049
0.0,13,3.481164
1.0,34,3.48292
0.0,7,3.48329
0.0,11,3.483864
1.0,42,3.486026
0.0,14,3.486752
1.0,12,3.487373
1.0,18,3.488294
0.0,13,3.488963
1.0,38,3.490908
0.0,10,3.491435
1.0,22,3.492558
1.0,22,3.493699
0.0,7,3.494066
0.0,13,3.494739
0.0,27,3.496121
1.0,27,3.497493
0.0,17,3.498378
0.0,17,3.499253
0.0,44,3.501509
0.0,48,3.503992
0.0,16,3.504823
0.0,67,3.508272
0.0,18,3.50922
1.0,24,3.510448
1.0,37,3.512327
1.0,33,3.51403
1.0,31,3.515625
0.0,55,3.518407
1.0,28,3.519862
0.0,11,3.520435
0.0,43,3.522651
0.0,16,3.523483
0.0,18,3.524426
1.0,58,3.527464
0.0,26,3.528813
0.0,9,3.529287
0.0,28,3.530739
0.0,30,3.532292
0.0,22,3.533443
1.0,211,3.544352
0.0,15,3.54514
0.0,29,3.546641
0.0,20,3.54768
0.0,46,3.550081
1.0,38,3.55203
0.0,26,3.553383
1.0,24,3.554628
0.0,33,3.556339
0.0,14,3.557071
0.0,6,3.557393
0.0,38,3.559369
0.0,25,3.560666
0.0,80,3.564824
0.0,23,3.566022
0.0,42,3.568198
1.0,41,3.570332
1.0,25,3.571636
1.0,60,3.574744
0.0,23,3.575944
1.0,79,3.580051
1.0,21,3.581147
1.0,34,3.582888
1.0,32,3.584524
0.0,7,3.584897
1.0,16,3.585732
0.0,11,3.586314
0.0,29,3.587807
1.0,38,3.589755
1.0,28,3.591202
0.0,16,3.592033
0.0,23,3.593217
0.0,20,3.594251
1.0,51,3.596857
1.0,20,3.597892
1.0,22,3.599044
1.0,32,3.600706
0.0,18,3.60164
0.0,16,3.602471
1.0,20,3.603506
0.0,11,3.604085
1.0,37,3.606003
0.0,18,3.606941
0.0,4,3.607155
0.0,58,3.610131
1.0,30,3.611676
0.0,12,3.612308
1.0,31,3.613907
1.0,29,3.615405
1.0,28,3.616849
0.0,21,3.617941
1.0,16,3.618771
0.0,6,3.619087
1.0,33,3.620791
0.0,21,3.621871
0.0,7,3.622241
0.0,49,3.624751
0.0,16,3.625577
0.0,25,3.626874
0.0,37,3.628798
0.0,12,3.629428
0.0,67,3.632882
0.0,16,3.633719
1.0,22,3.634855
1.0,69,3.638413
1.0,27,3.64094
1.0,22,3.642642
1.0,15,3.643429
1.0,17,3.644317
1.0,24,3.645564
1.0,33,3.647269
1.0,17,3.648158
0.0,11,3.648736
0.0,8,3.649159
1.0,21,3.650253
1.0,17,3.65114
0.0,14,3.651878
0.0,32,3.653532
0.0,33,3.655311
0.0,6,3.655635
1.0,14,3.656364
1.0,24,3.657598
0.0,12,3.658233
0.0,38,3.660187
1.0,48,3.662673
0.0,26,3.664018
0.0,16,3.664852
0.0,55,3.667707
0.0,50,3.670303
0.0,9,3.67078
0.0,15,3.671564
0.0,30,3.673119
0.0,2,3.673233
1.0,113,3.679063
1.0,68,3.682588
0.0,1,3.68265
1.0,21,3.683736
0.0,23,3.684925
0.0,18,3.685865
1.0,32,3.687522
0.0,21,3.688613
1.0,15,3.689394
1.0,28,3.690846
0.0,4,3.691063
0.0,19,3.692036
0.0,6,3.692356
0.0,15,3.693133
1.0,11,3.69371
0.0,7,3.694085
1.0,17,3.694969
0.0,14,3.6957
1.0,11,3.696274
0.0,5,3.696541
0.0,5,3.69681
0.0,2,3.696923
0.0,51,3.699559
0.0,68,3.703089
1.0,54,3.705888
0.0,15,3.706673
0.0,4,3.70689
0.0,17,3.707776
0.0,37,3.709698
0.0,19,3.710691
0.0,54,3.713496
0.0,20,3.714538
0.0,34,3.716304
0.0,74,3.720131
0.0,60,3.723234
0.0,13,3.723916
1.0,40,3.725978
0.0,38,3.727949
1.0,48,3.730419
0.0,7,3.730789
1.0,24,3.732035
0.0,58,3.735022
1.0,37,3.736947
1.0,62,3.740158
1.0,49,3.742688
1.0,20,3.743726
1.0,63,3.746974
0.0,49,3.749505
0.0,11,3.750088
0.0,2,3.750202
0.0,17,3.751091
0.0,6,3.75141
0.0,56,3.754316
0.0,33,3.75603
1.0,177,3.765157
0.0,8,3.765579
0.0,22,3.766722
1.0,29,3.768221
0.0,162,3.776575
1.0,70,3.780198
1.0,42,3.782379
1.0,14,3.783112
1.0,84,3.787459
1.0,49,3.790242
0.0,66,3.793814
0.0,92,3.801438
0.0,137,3.808543
0.0,29,3.810056
1.0,49,3.812583
0.0,72,3.816297
0.0,15,3.817082
1.0,39,3.819098
0.0,16,3.819938
0.0,13,3.82062
1.0,14,3.82135
0.0,74,3.82519
0.0,28,3.826648
0.0,12,3.827279
0.0,11,3.827859
0.0,81,3.832062
0.0,73,3.835847
0.0,1,3.835909
0.0,26,3.837266
0.0,66,3.840698
0.0,38,3.842672
0.0,22,3.843819
0.0,38,3.845791
0.0,47,3.848231
1.0,47,3.850667
0.0,27,3.852073
0.0,35,3.853888
0.0,12,3.854517
0.0,23,3.855716
1.0,42,3.857892
1.0,16,3.85872
1.0,28,3.860177
1.0,26,3.861523
0.0,7,3.861897
0.0,5,3.862163
0.0,4,3.862379
0.0,46,3.864759
0.0,36,3.866631
0.0,3,3.866801
0.0,34,3.868566
1.0,26,3.869918
0.0,20,3.870963
1.0,38,3.872951
0.0,24,3.874203
0.0,61,3.877363
0.0,11,3.877945
0.0,59,3.880994
0.0,33,3.882716
0.0,15,3.8835
0.0,42,3.885685
0.0,26,3.887042
0.0,12,3.887673
0.0,13,3.888349
0.0,15,3.889132
0.0,98,3.894213
0.0,17,3.895102
0.0,28,3.896554
0.0,62,3.89978
0.0,11,3.900358
1.0,23,3.901556
0.0,64,3.904872
0.0,4,3.905088
0.0,24,3.906342
1.0,204,3.916919
1.0,31,3.918541
0.0,4,3.918757
0.0,2,3.918869
0.0,4,3.919087
0.0,34,3.92085
0.0,42,3.92303
0.0,122,3.929413
1.0,144,3.936901
1.0,181,3.946287
0.0,27,3.947694
0.0,31,3.949307
0.0,67,3.952797
0.0,90,3.957476
0.0,49,3.960026
0.0,140,3.967274
0.0,18,3.968214
1.0,92,3.972972
1.0,51,3.97562
0.0,29,3.977193
0.0,94,3.982064
0.0,32,3.983731
0.0,17,3.984615
0.0,8,3.985036
0.0,112,3.990845
1.0,40,3.992921
0.0,59,3.995976
0.0,1,3.996036
0.0,20,3.997084
1.0,31,3.998693
1.0,79,4.002776
1.0,42,4.004973
1.0,35,4.006796
0.0,42,4.008973
0.0,11,4.009549
0.0,98,4.014619
1.0,106,4.020105
1.0,34,4.021851
1.0,102,4.027111
0.0,11,4.027691
1.0,111,4.033397
1.0,77,4.037375
1.0,86,4.041826
1.0,64,4.045123
0.0,11,4.045698
0.0,196,4.055779
1.0,115,4.061712
0.0,20,4.062754
0.0,145,4.070249
1.0,156,4.078298
1.0,14,4.079032
0.0,52,4.081723
0.0,3,4.081888
0.0,46,4.084271
0.0,54,4.087077
0.0,70,4.090694
0.0,135,4.097682
0.0,59,4.100744
0.0,18,4.101689
0.0,137,4.108778
0.0,119,4.114946
0.0,82,4.119189
0.0,43,4.121425
0.0,12,4.122053
0.0,6,4.122372
1.0,22,4.123501
1.0,133,4.130374
1.0,65,4.133747
1.0,31,4.135361
0.0,21,4.136458
1.0,38,4.138442
1.0,27,4.13985
0.0,7,4.140223
1.0,33,4.141933
0.0,26,4.143286
0.0,41,4.145393
0.0,28,4.146838
0.0,68,4.150357
0.0,52,4.153027
0.0,27,4.154434
1.0,203,4.164958
1.0,11,4.165541
0.0,9,4.166013
0.0,13,4.166696
0.0,69,4.170266
1.0,61,4.173435
0.0,31,4.175046
1.0,36,4.176954
0.0,14,4.177697
1.0,25,4.178995
1.0,17,4.179884
0.0,14,4.180615
0.0,2,4.180725
0.0,15,4.181513
0.0,9,4.18199
0.0,13,4.182672
0.0,21,4.183771
1.0,21,4.184858
1.0,16,4.185693
1.0,27,4.187084
1.0,31,4.188688
1.0,18,4.189624
0.0,17,4.190515
1.0,24,4.19175
0.0,22,4.192901
0.0,13,4.193579
0.0,11,4.194156
0.0,21,4.195245
0.0,7,4.195615
1.0,38,4.197573
1.0,14,4.198308
1.0,18,4.199241
0.0,20,4.200283
0.0,12,4.200908
0.0,9,4.201399
0.0,19,4.202394
1.0,35,4.204175
0.0,40,4.206228
0.0,19,4.207213
0.0,4,4.207427
0.0,16,4.208259
0.0,13,4.208939
0.0,15,4.209722
1.0,74,4.213537
0.0,7,4.213905
0.0,9,4.214378
1.0,60,4.217474
0.0,29,4.218974
0.0,32,4.220631
0.0,7,4.221001
1.0,25,4.222288
0.0,12,4.222918
1.0,73,4.226666
1.0,22,4.227809
0.0,10,4.228336
0.0,19,4.229318
0.0,21,4.230406
0.0,21,4.231501
0.0,14,4.232233
0.0,30,4.233779
0.0,25,4.235074
0.0,15,4.23585
0.0,26,4.237192
0.0,24,4.238442
0.0,37,4.240358
0.0,7,4.240729
1.0,48,4.243213
1.0,32,4.244866
0.0,52,4.247561
0.0,45,4.249882
0.0,27,4.251283
1.0,46,4.253654
0.0,13,4.254333
0.0,25,4.255635
0.0,30,4.257194
0.0,60,4.260285
1.0,22,4.261428
0.0,2,4.261539
0.0,58,4.264528
1.0,50,4.267128
0.0,15,4.267914
0.0,4,4.268127
0.0,13,4.268811
1.0,33,4.270523
1.0,23,4.271715
0.0,11,4.272289
0.0,18,4.27322
0.0,32,4.274885
1.0,40,4.276957
0.0,6,4.277276
1.0,21,4.278363
0.0,21,4.279451
1.0,26,4.2808
0.0,21,4.281884
0.0,40,4.283941
0.0,11,4.284518
0.0,61,4.287674
0.0,27,4.289074
1.0,23,4.290258
0.0,11,4.290832
0.0,13,4.291513
0.0,10,4.292038
0.0,16,4.292873
0.0,13,4.293552
0.0,98,4.298604
1.0,38,4.300542
0.0,57,4.303486
0.0,16,4.304316
0.0,7,4.304685
0.0,9,4.305156
0.0,4,4.305375
0.0,7,4.305743
0.0,36,4.307609
0.0,6,4.307929
0.0,9,4.308401
0.0,18,4.309334
1.0,23,4.310512
0.0,31,4.312111
0.0,53,4.314813
0.0,13,4.31549
0.0,19,4.316478
0.0,11,4.317057
1.0,56,4.319946
0.0,9,4.32042
0.0,18,4.321355
0.0,122,4.327644
0.0,44,4.329918
0.0,41,4.332043
1.0,67,4.335505
0.0,31,4.337126
0.0,34,4.338893
0.0,16,4.339731
1.0,29,4.341231
0.0,21,4.342325
1.0,34,4.34407
1.0,39,4.346074
0.0,14,4.346809
0.0,6,4.347129
0.0,10,4.347654
1.0,41,4.349751
0.0,31,4.351358
0.0,67,4.354784
1.0,32,4.356435
0.0,7,4.356808
0.0,22,4.357949
1.0,39,4.359943
0.0,4,4.360163
0.0,15,4.360944
0.0,11,4.361521
1.0,27,4.362903
1.0,28,4.364327
1.0,29,4.365826
1.0,19,4.366808
1.0,17,4.367691
0.0,39,4.369687
0.0,48,4.372134
1.0,36,4.373988
1.0,26,4.375324
0.0,15,4.376103
0.0,13,4.376785
0.0,10,4.37731
1.0,26,4.378639
1.0,19,4.379618
0.0,23,4.38078
0.0,20,4.381804
0.0,11,4.382374
0.0,40,4.384449
0.0,9,4.384921
0.0,36,4.386767
1.0,13,4.387444
1.0,49,4.389941
1.0,19,4.39092
1.0,23,4.392108
0.0,20,4.393145
0.0,28,4.394592
0.0,20,4.395628
0.0,17,4.39651
0.0,43,4.398725
0.0,47,4.401155
0.0,14,4.401889
0.0,49,4.404417
0.0,13,4.40509
1.0,197,4.415252
0.0,17,4.416142
1.0,69,4.419717
0.0,29,4.421224
0.0,31,4.422837
0.0,21,4.423936
0.0,15,4.424722
0.0,17,4.425625
0.0,14,4.426388
0.0,56,4.429297
0.0,7,4.429668
1.0,171,4.43851
0.0,22,4.439664
0.0,6,4.43998
1.0,77,4.44396
0.0,26,4.445305
1.0,63,4.448566
0.0,19,4.449561
1.0,61,4.452716
1.0,76,4.456644
0.0,7,4.457022
1.0,47,4.459444
1.0,97,4.464614
1.0,90,4.469464
0.0,25,4.470759
1.0,48,4.473245
0.0,16,4.474078
1.0,15,4.474858
0.0,16,4.475688
0.0,21,4.476781
0.0,8,4.477202
0.0,16,4.47804
0.0,2,4.478157
0.0,8,4.478596
0.0,17,4.479479
0.0,18,4.480428
0.0,20,4.481471
0.0,75,4.48534
1.0,137,4.492443
1.0,74,4.496259
0.0,81,4.500447
0.0,15,4.501233
0.0,13,4.501915
0.0,17,4.502806
1.0,55,4.505662
0.0,1,4.505722
1.0,47,4.508144
0.0,10,4.508673
0.0,44,4.510898
0.0,27,4.512291
1.0,19,4.51328
1.0,36,4.515103
1.0,36,4.516977
0.0,19,4.517966
0.0,14,4.518697
0.0,4,4.518912
1.0,13,4.519591
0.0,13,4.520272
0.0,19,4.521248
1.0,46,4.523619
0.0,9,4.524095
0.0,47,4.526546
1.0,32,4.528204
1.0,65,4.531587
1.0,49,4.534126
1.0,44,4.536397
0.0,6,4.536723
0.0,11,4.537301
0.0,2,4.537413
0.0,11,4.53799
0.0,24,4.539234
1.0,88,4.543772
1.0,41,4.545893
1.0,46,4.548283
0.0,1,4.548342
1.0,79,4.552424
0.0,34,4.554188
0.0,9,4.554665
0.0,12,4.555291
0.0,37,4.557199
1.0,34,4.558967
0.0,9,4.559454
0.0,9,4.559928
0.0,70,4.563542
0.0,13,4.56422
0.0,13,4.564901
0.0,9,4.565375
1.0,16,4.566205
1.0,19,4.56719
1.0,22,4.568325
0.0,22,4.569452
0.0,4,4.569667
0.0,2,4.56978
0.0,22,4.570908
0.0,45,4.57322
1.0,37,4.575139
1.0,28,4.576604
1.0,34,4.578366
0.0,1,4.57843
0.0,1,4.578491
1.0,61,4.581652
0.0,15,4.582436
0.0,9,4.582911
0.0,9,4.583386
0.0,13,4.584065
0.0,13,4.584743
1.0,55,4.587585
1.0,30,4.589132
0.0,16,4.589965
0.0,9,4.59044
0.0,37,4.592371
1.0,20,4.593407
0.0,28,4.594851
0.0,15,4.595635
1.0,15,4.596416
0.0,9,4.596892
1.0,27,4.598278
0.0,17,4.599159
1.0,43,4.601359
0.0,10,4.601887
1.0,35,4.60368
1.0,26,4.605003
1.0,20,4.606039
1.0,30,4.607585
0.0,2,4.607698
0.0,11,4.608273
1.0,27,4.60967
1.0,24,4.610903
1.0,35,4.612701
0.0,43,4.614898
1.0,30,4.616443
0.0,29,4.617943
1.0,17,4.618812
1.0,16,4.619634
1.0,21,4.620696
1.0,18,4.621625
1.0,17,4.622504
1.0,17,4.623379
0.0,13,4.624048
1.0,30,4.625583
1.0,27,4.626969
1.0,26,4.628302
0.0,11,4.628878
0.0,19,4.62986
1.0,94,4.634685
0.0,57,4.637602
0.0,30,4.639144
0.0,36,4.641
0.0,16,4.641832
0.0,57,4.644762
0.0,30,4.646302
1.0,27,4.647689
1.0,52,4.65035
0.0,4,4.650564
0.0,26,4.651894
0.0,30,4.653441
1.0,82,4.657657
0.0,29,4.659178
0.0,35,4.660974
1.0,46,4.663324
0.0,28,4.664763
0.0,19,4.665744
0.0,8,4.666164
1.0,23,4.667345
0.0,4,4.66756
0.0,8,4.667979
0.0,33,4.669645
1.0,35,4.671423
0.0,44,4.673654
0.0,59,4.676687
0.0,103,4.681973
0.0,6,4.682293
0.0,48,4.684775
0.0,15,4.685557
1.0,55,4.688383
0.0,23,4.689578
0.0,29,4.691081
1.0,27,4.692471
1.0,26,4.693816
0.0,10,4.694341
1.0,35,4.696203
0.0,4,4.696421
1.0,60,4.699514
0.0,143,4.706888
0.0,6,4.707208
1.0,23,4.708397
0.0,11,4.708976
0.0,26,4.710333
0.0,24,4.711585
1.0,28,4.713042
1.0,36,4.714916
1.0,54,4.717722
0.0,8,4.718148
1.0,54,4.720902
0.0,16,4.721735
0.0,19,4.722729
0.0,39,4.724771
0.0,4,4.724988
0.0,34,4.72675
1.0,17,4.727634
0.0,15,4.72842
0.0,20,4.72946
1.0,19,4.73045
0.0,19,4.731429
0.0,16,4.732261
1.0,39,4.734269
1.0,14,4.735003
1.0,16,4.735834
0.0,6,4.736153
0.0,9,4.736629
0.0,18,4.737563
1.0,17,4.738454
1.0,31,4.74006
0.0,53,4.742799
0.0,23,4.743991
1.0,21,4.745077
0.0,11,4.745658
0.0,23,4.746858
0.0,55,4.749718
0.0,26,4.751072
0.0,4,4.751286
0.0,26,4.752631
1.0,35,4.75444
0.0,24,4.755686
0.0,2,4.755797
1.0,30,4.757349
0.0,12,4.757978
1.0,30,4.759512
0.0,20,4.760553
1.0,22,4.761677
0.0,33,4.763375
0.0,19,4.764365
0.0,13,4.765042
1.0,20,4.766072
1.0,27,4.767453
0.0,73,4.771211
0.0,22,4.772341
0.0,4,4.772554
1.0,32,4.774192
0.0,12,4.774821
1.0,31,4.776424
0.0,9,4.776899
0.0,38,4.778839
0.0,11,4.779418
0.0,17,4.780303
0.0,2,4.780411
1.0,32,4.782068
0.0,12,4.782699
0.0,17,4.783573
0.0,108,4.789183
0.0,27,4.790589
1.0,44,4.792859
0.0,7,4.79323
0.0,9,4.793708
0.0,8,4.794127
0.0,44,4.796406
0.0,48,4.798864
0.0,97,4.803874
0.0,158,4.812033
1.0,65,4.815392
1.0,41,4.817514
0.0,8,4.817937
0.0,39,4.819956
0.0,20,4.820994
1.0,49,4.823517
0.0,2,4.82363
1.0,16,4.824459
1.0,10,4.824978
1.0,63,4.828217
1.0,18,4.829149
0.0,20,4.830191
0.0,12,4.83082
1.0,59,4.833829
1.0,33,4.835536
1.0,31,4.837148
1.0,32,4.838803
0.0,12,4.839433
1.0,24,4.840678
1.0,87,4.845153
0.0,94,4.849985
1.0,51,4.852607
0.0,22,4.853771
1.0,45,4.856096
0.0,15,4.856879
0.0,6,4.857195
1.0,15,4.857971
0.0,12,4.858602
0.0,42,4.86077
0.0,3,4.860934
0.0,5,4.8612
1.0,16,4.862029
1.0,16,4.862857
0.0,4,4.863073
1.0,26,4.86441
0.0,10,4.864934
1.0,16,4.865766
0.0,10,4.866289
0.0,13,4.866969
0.0,4,4.867185
1.0,42,4.869346
1.0,58,4.872333
0.0,36,4.874196
0.0,67,4.877657
0.0,66,4.881065
0.0,16,4.8819
0.0,26,4.883246
0.0,27,4.88463
0.0,22,4.885759
1.0,29,4.887264
1.0,33,4.88896
0.0,15,4.889743
0.0,11,4.890319
1.0,16,4.891139
0.0,15,4.891915
0.0,15,4.892695
0.0,18,4.893618
0.0,17,4.894502
1.0,21,4.895587
1.0,18,4.89652
0.0,42,4.898674
1.0,66,4.902086
0.0,152,4.909909
1.0,34,4.911669
0.0,22,4.91284
0.0,15,4.913627
1.0,39,4.91564
0.0,23,4.916823
0.0,7,4.917193
0.0,16,4.918024
0.0,44,4.920297
0.0,2,4.920409
1.0,37,4.922336
0.0,33,4.924042
1.0,27,4.925431
0.0,20,4.926491
0.0,21,4.927586
1.0,49,4.930092
1.0,25,4.931384
0.0,136,4.938378
1.0,25,4.939668
0.0,22,4.940803
0.0,27,4.942185
0.0,21,4.943262
1.0,35,4.94508
0.0,18,4.946014
1.0,103,4.951317
1.0,19,4.9523
1.0,15,4.953073
1.0,20,4.954107
1.0,14,4.954829
0.0,13,4.955498
0.0,27,4.956865
0.0,13,4.957534
0.0,11,4.95811
0.0,9,4.958583
1.0,21,4.959669
1.0,22,4.960799
1.0,18,4.961728
0.0,13,4.962408
0.0,52,4.965088
0.0,3,4.965252
0.0,24,4.966502
0.0,36,4.968375
0.0,37,4.970294
1.0,80,4.974407
1.0,48,4.976915
1.0,46,4.979302
1.0,33,4.981002
0.0,24,4.98224
0.0,69,4.985791
0.0,18,4.986729
0.0,7,4.987099
1.0,26,4.988461
0.0,6,4.98878
0.0,45,4.991084
0.0,11,4.991661
0.0,8,4.99208
1.0,49,4.994627
1.0,17,4.995507
0.0,9,4.995979
0.0,11,4.996561
1.0,19,4.997547
1.0,14,4.998272
1.0,14,4.998995
0.0,9,4.999471
1.0,18,5.000396
1.0,21,5.001481
0.0,19,5.002459
1.0,21,5.00354
0.0,10,5.004066
1.0,16,5.00489
1.0,17,5.005764
1.0,23,5.006953
1.0,26,5.008289
0.0,6,5.008605
0.0,9,5.009083
1.0,55,5.011898
0.0,2,5.01201
0.0,21,5.013093
0.0,27,5.014478
0.0,28,5.015923
0.0,15,5.016703
0.0,35,5.018499
1.0,33,5.020188
1.0,31,5.021744
1.0,29,5.023242
1.0,16,5.024071
1.0,16,5.024898
1.0,23,5.026068
0.0,9,5.026543
0.0,2,5.026655
1.0,31,5.028253
0.0,11,5.028825
0.0,27,5.030208
0.0,9,5.030681
1.0,14,5.031402
0.0,16,5.032224
0.0,7,5.032598
1.0,31,5.034183
1.0,17,5.035063
0.0,7,5.035429
0.0,7,5.035803
1.0,16,5.036627
1.0,43,5.038802
1.0,16,5.039631
1.0,21,5.040702
0.0,14,5.041428
0.0,9,5.0419
0.0,2,5.042012
0.0,9,5.042483
0.0,15,5.043261
1.0,27,5.044648
1.0,14,5.045375
0.0,22,5.046501
0.0,35,5.048314
0.0,11,5.048913
0.0,25,5.05023
0.0,20,5.051278
0.0,6,5.051598
0.0,56,5.054515
0.0,17,5.055415
1.0,18,5.056363
0.0,17,5.057275
0.0,11,5.057857
0.0,8,5.05828
0.0,19,5.05928
0.0,7,5.059655
1.0,29,5.061176
1.0,41,5.063383
0.0,4,5.063623
0.0,11,5.064208
1.0,132,5.071782
0.0,5,5.0721
0.0,7,5.072639
0.0,19,5.073725
0.0,92,5.080716
0.0,9,5.08142
0.0,22,5.08292
0.0,9,5.083442
0.0,15,5.085521
0.0,25,5.088094
0.0,12,5.088856
0.0,5,5.089147
1.0,25,5.091465
0.0,3,5.091925
0.0,7,5.092976
0.0,52,5.097565
1.0,19,5.09869
0.0,15,5.099537
0.0,1,5.099609
0.0,15,5.100451
0.0,15,5.101287
0.0,42,5.103611
0.0,73,5.108597
0.0,36,5.110561
0.0,15,5.111386
0.0,21,5.112923
0.0,19,5.113964
0.0,37,5.116149
0.0,28,5.117723
1.0,78,5.122053
1.0,31,5.12369
0.0,13,5.124384
1.0,25,5.125688
0.0,27,5.127111
1.0,24,5.128367
0.0,12,5.128999
0.0,4,5.129219
0.0,15,5.130004
0.0,15,5.130789
0.0,71,5.134456
0.0,16,5.13529
0.0,26,5.136649
0.0,21,5.137917
1.0,17,5.138962
1.0,27,5.14057
1.0,25,5.142067
0.0,17,5.143203
1.0,15,5.144046
0.0,2,5.14417
0.0,11,5.144764
1.0,21,5.146037
0.0,13,5.146739
1.0,20,5.147805
0.0,11,5.148386
0.0,69,5.151973
0.0,25,5.153278
0.0,23,5.154476
0.0,13,5.155156
0.0,20,5.156203
0.0,12,5.156831
0.0,14,5.157554
1.0,47,5.159979
0.0,8,5.160397
0.0,14,5.161128
0.0,13,5.161806
1.0,76,5.165705
1.0,62,5.168899
0.0,28,5.170339
0.0,63,5.173566
0.0,43,5.175788
1.0,71,5.179465
0.0,11,5.180051
0.0,38,5.182025
0.0,28,5.183502
0.0,23,5.1847
0.0,194,5.194757
0.0,8,5.195193
1.0,150,5.202983
0.0,13,5.203672
0.0,11,5.204252
0.0,15,5.205043
0.0,53,5.207808
1.0,175,5.216896
0.0,62,5.220114
0.0,7,5.220488
0.0,19,5.221481
0.0,66,5.22491
1.0,74,5.228887
