#{"t_start": 1715545274.465735, "env_id": "Office-v0"}
r,l,t
0.0,84,0.013835
0.0,2,0.014183
0.0,24,0.017783
0.0,17,0.020251
0.0,37,0.025548
0.0,16,0.02786
0.0,19,0.030531
0.0,16,0.032783
0.0,12,0.034475
0.0,48,0.041078
0.0,57,0.048884
0.0,37,0.05397
0.0,4,0.054526
0.0,24,0.057809
0.0,71,0.06756
0.0,45,0.073775
0.0,42,0.07955
0.0,93,0.092274
1.0,84,0.103816
1.0,72,0.113716
0.0,58,0.121666
0.0,45,0.127822
0.0,8,0.128918
1.0,48,0.13547
0.0,3,0.135893
0.0,86,0.147641
0.0,51,0.1546
0.0,151,0.175282
0.0,67,0.184458
0.0,13,0.186236
0.0,10,0.18761
1.0,41,0.19324
0.0,40,0.198748
0.0,47,0.205205
0.0,50,0.212041
0.0,32,0.216422
0.0,82,0.227629
0.0,21,0.230504
0.0,192,0.256779
1.0,75,0.267063
0.0,38,0.272286
0.0,55,0.280242
0.0,46,0.286559
1.0,44,0.292603
1.0,66,0.301664
0.0,8,0.302769
0.0,37,0.307835
1.0,46,0.314117
1.0,32,0.318488
0.0,7,0.319446
0.0,90,0.331731
0.0,2,0.332015
0.0,11,0.333523
0.0,56,0.341235
0.0,75,0.351517
1.0,10,0.352877
0.0,62,0.361325
1.0,64,0.370061
1.0,153,0.391014
1.0,12,0.392655
1.0,36,0.397578
0.0,7,0.398542
0.0,12,0.400191
1.0,77,0.410788
1.0,70,0.420336
1.0,57,0.428121
1.0,205,0.456193
1.0,22,0.459212
0.0,20,0.461966
0.0,26,0.465532
1.0,185,0.490956
0.0,10,0.492343
0.0,37,0.497448
0.0,22,0.50048
0.0,15,0.502546
0.0,28,0.506388
1.0,36,0.511322
0.0,72,0.521235
0.0,38,0.526459
1.0,57,0.534303
0.0,78,0.545039
0.0,9,0.546277
1.0,123,0.563191
0.0,46,0.56953
0.0,20,0.572284
1.0,259,0.607999
0.0,40,0.613509
1.0,26,0.617081
1.0,23,0.620215
0.0,23,0.623373
0.0,195,0.650345
0.0,26,0.65393
0.0,106,0.668599
0.0,9,0.669848
0.0,121,0.686545
1.0,21,0.689431
1.0,212,0.71874
1.0,31,0.723016
0.0,29,0.72702
1.0,28,0.730868
0.0,44,0.736939
1.0,34,0.74162
0.0,136,0.760389
1.0,16,0.762611
1.0,43,0.768529
1.0,232,0.80059
0.0,76,0.811017
1.0,11,0.81254
1.0,58,0.820523
1.0,23,0.823688
0.0,88,0.835836
1.0,14,0.837767
0.0,100,0.85154
1.0,117,0.867726
0.0,47,0.874206
1.0,17,0.876555
0.0,7,0.877525
0.0,46,0.883839
0.0,113,0.899451
1.0,6,0.900278
0.0,2,0.900567
1.0,109,0.915639
0.0,8,0.916776
1.0,21,0.919645
0.0,13,0.921444
0.0,97,0.93481
0.0,99,0.948454
1.0,15,0.950529
1.0,27,0.954246
1.0,141,0.973731
1.0,93,0.986535
1.0,14,0.988473
1.0,76,0.998994
0.0,13,1.000796
0.0,21,1.003684
1.0,47,1.010148
0.0,6,1.010981
0.0,28,1.014843
0.0,83,1.026285
1.0,54,1.033719
0.0,145,1.053753
0.0,33,1.058313
0.0,51,1.065374
1.0,35,1.070195
0.0,16,1.072405
0.0,2,1.072686
0.0,38,1.077934
1.0,20,1.080685
0.0,71,1.090508
0.0,20,1.093266
0.0,8,1.094379
1.0,17,1.096726
1.0,67,1.105987
0.0,51,1.113023
0.0,138,1.132116
1.0,15,1.134189
1.0,78,1.144969
1.0,25,1.148404
0.0,10,1.149789
1.0,13,1.151586
0.0,58,1.159597
0.0,7,1.160573
1.0,85,1.172278
1.0,17,1.174621
0.0,25,1.178068
0.0,29,1.182062
0.0,181,1.207128
1.0,21,1.210055
0.0,12,1.211721
1.0,18,1.214172
1.0,107,1.228951
0.0,9,1.230208
1.0,238,1.263075
0.0,24,1.266394
0.0,59,1.274512
1.0,14,1.276451
0.0,93,1.289552
1.0,40,1.295005
1.0,104,1.309346
1.0,18,1.311825
1.0,55,1.319421
0.0,33,1.323948
0.0,80,1.334985
1.0,16,1.337198
1.0,41,1.342806
0.0,13,1.344593
0.0,28,1.348448
0.0,6,1.349274
0.0,42,1.355057
0.0,4,1.355615
0.0,134,1.374105
1.0,15,1.376181
0.0,20,1.378936
0.0,18,1.389308
0.0,71,1.399656
1.0,22,1.402795
0.0,19,1.40552
0.0,63,1.414428
0.0,108,1.429585
1.0,19,1.432276
1.0,95,1.445635
0.0,20,1.448433
0.0,31,1.452778
1.0,13,1.454606
0.0,86,1.466622
1.0,97,1.480192
0.0,42,1.486065
1.0,16,1.488302
0.0,37,1.493483
0.0,17,1.495864
0.0,131,1.514419
1.0,17,1.516806
1.0,173,1.541177
0.0,64,1.550123
0.0,21,1.553069
1.0,15,1.555179
0.0,19,1.557847
0.0,9,1.559108
1.0,88,1.571403
1.0,14,1.573368
1.0,85,1.585266
0.0,4,1.585833
0.0,10,1.587233
1.0,15,1.589347
0.0,13,1.591169
0.0,33,1.595783
0.0,45,1.602084
1.0,16,1.604318
0.0,6,1.605165
0.0,13,1.606978
0.0,8,1.6081
1.0,13,1.609912
0.0,103,1.624355
0.0,22,1.627423
0.0,20,1.63021
1.0,13,1.632032
1.0,24,1.635385
0.0,15,1.637499
0.0,46,1.643953
0.0,2,1.644253
0.0,21,1.647172
0.0,212,1.676926
0.0,14,1.678889
1.0,12,1.680562
0.0,4,1.68113
0.0,290,1.721724
0.0,7,1.722708
1.0,20,1.725499
0.0,10,1.726897
0.0,128,1.744842
0.0,64,1.75377
1.0,11,1.755315
0.0,11,1.756859
0.0,15,1.75896
0.0,119,1.775634
1.0,11,1.777175
0.0,18,1.77969
0.0,16,1.781915
0.0,17,1.784292
0.0,6,1.785137
1.0,44,1.791319
0.0,46,1.797747
0.0,4,1.798311
1.0,32,1.802771
0.0,8,1.803892
1.0,69,1.813513
1.0,87,1.825652
0.0,6,1.826499
1.0,43,1.8325
0.0,7,1.83349
0.0,26,1.837115
1.0,18,1.839628
1.0,95,1.852953
0.0,38,1.858248
1.0,30,1.862423
1.0,21,1.865343
0.0,22,1.86842
0.0,20,1.871209
0.0,175,1.895758
1.0,13,1.897582
1.0,23,1.900792
0.0,4,1.901359
0.0,24,1.904697
1.0,20,1.907481
0.0,20,1.910274
0.0,4,1.910834
0.0,11,1.912368
0.0,8,1.913488
1.0,49,1.920331
0.0,30,1.924435
0.0,20,1.927241
1.0,18,1.929749
1.0,41,1.935474
1.0,28,1.939309
0.0,29,1.943354
1.0,13,1.945172
0.0,9,1.946431
0.0,10,1.94783
0.0,41,1.953528
1.0,11,1.955067
1.0,27,1.958834
0.0,23,1.961992
0.0,26,1.965624
1.0,19,1.96827
0.0,12,1.969951
0.0,45,1.976221
0.0,181,2.001555
0.0,6,2.002391
0.0,37,2.007544
0.0,10,2.008939
0.0,195,2.036229
0.0,6,2.037077
0.0,2,2.03736
0.0,4,2.037921
0.0,33,2.042519
1.0,17,2.04488
1.0,53,2.052296
0.0,6,2.053146
0.0,22,2.056221
0.0,13,2.058043
0.0,18,2.060564
0.0,9,2.061827
0.0,158,2.083905
0.0,10,2.08531
1.0,113,2.101112
1.0,282,2.1406
0.0,26,2.144227
1.0,19,2.146882
1.0,129,2.164919
0.0,64,2.173848
0.0,17,2.176227
1.0,14,2.178177
1.0,80,2.189392
1.0,102,2.203606
0.0,36,2.208637
1.0,15,2.210729
0.0,16,2.212966
0.0,5,2.213673
1.0,87,2.225867
1.0,13,2.227688
0.0,16,2.229933
1.0,115,2.246095
1.0,93,2.259031
1.0,23,2.262237
1.0,50,2.269223
0.0,6,2.270073
0.0,61,2.278586
1.0,14,2.280541
1.0,31,2.285111
0.0,8,2.286311
1.0,104,2.300828
1.0,25,2.304274
0.0,33,2.308865
0.0,18,2.311387
0.0,3,2.311805
1.0,127,2.329518
1.0,42,2.335363
0.0,11,2.336903
0.0,24,2.340236
1.0,55,2.347909
0.0,43,2.353918
0.0,47,2.360473
1.0,80,2.371676
0.0,31,2.376001
0.0,18,2.378517
0.0,48,2.385233
0.0,169,2.408909
0.0,63,2.417701
0.0,57,2.425574
0.0,52,2.432804
1.0,54,2.440316
0.0,2,2.440599
1.0,96,2.454063
1.0,28,2.457931
0.0,48,2.46465
1.0,53,2.472067
0.0,12,2.473752
1.0,19,2.476403
0.0,8,2.477515
1.0,20,2.480301
0.0,10,2.4817
0.0,4,2.482264
0.0,4,2.48283
0.0,20,2.485614
0.0,3,2.486039
1.0,58,2.494139
0.0,14,2.496102
1.0,23,2.499314
1.0,32,2.503741
0.0,27,2.507501
0.0,4,2.508064
1.0,20,2.510873
0.0,6,2.511716
0.0,4,2.512281
0.0,31,2.516634
0.0,2,2.516918
1.0,67,2.526259
0.0,8,2.527381
0.0,36,2.532409
0.0,34,2.537152
0.0,58,2.54523
0.0,4,2.5458
0.0,52,2.553059
1.0,27,2.556827
1.0,36,2.561863
0.0,43,2.567852
0.0,63,2.576684
0.0,6,2.577523
1.0,36,2.582544
0.0,90,2.595136
1.0,73,2.605301
1.0,16,2.60752
1.0,36,2.612541
1.0,46,2.618944
0.0,51,2.626034
1.0,15,2.62812
1.0,6,2.628953
0.0,28,2.632834
0.0,67,2.642179
1.0,19,2.644821
0.0,3,2.645241
0.0,15,2.647329
1.0,37,2.652481
1.0,234,2.685107
0.0,3,2.685532
1.0,197,2.713137
1.0,48,2.719838
1.0,13,2.721659
1.0,53,2.729039
0.0,63,2.73785
1.0,39,2.743294
1.0,13,2.745106
0.0,6,2.745952
1.0,83,2.757553
0.0,19,2.760198
1.0,17,2.762565
0.0,16,2.764785
0.0,20,2.767555
0.0,17,2.769931
1.0,19,2.772564
0.0,7,2.773573
0.0,73,2.783767
0.0,13,2.785581
1.0,16,2.788161
0.0,51,2.795288
1.0,36,2.800259
0.0,225,2.831872
0.0,6,2.832734
1.0,50,2.839784
0.0,63,2.848577
0.0,202,2.876988
1.0,14,2.878952
1.0,131,2.897266
0.0,25,2.900774
0.0,69,2.910509
1.0,18,2.913021
1.0,91,2.925748
1.0,95,2.939018
0.0,25,2.942509
1.0,15,2.944605
1.0,53,2.952002
0.0,14,2.953968
0.0,97,2.967573
0.0,98,2.981226
1.0,14,2.983178
0.0,10,2.984588
0.0,15,2.986682
1.0,16,2.988912
1.0,208,3.017891
0.0,4,3.018457
0.0,19,3.021121
1.0,17,3.023507
0.0,5,3.024214
1.0,66,3.033461
0.0,22,3.036572
1.0,14,3.03853
0.0,24,3.041898
0.0,38,3.047194
0.0,30,3.05138
1.0,16,3.053623
1.0,19,3.056276
1.0,33,3.060841
0.0,109,3.076166
1.0,20,3.07897
1.0,77,3.089638
0.0,24,3.092972
0.0,16,3.095221
1.0,20,3.098007
1.0,45,3.104324
0.0,17,3.106695
0.0,15,3.108795
1.0,15,3.110889
0.0,28,3.114819
0.0,41,3.120462
0.0,17,3.122845
0.0,6,3.123691
1.0,43,3.12971
1.0,28,3.133593
0.0,182,3.159173
1.0,23,3.162381
1.0,33,3.167021
0.0,18,3.169563
0.0,203,3.198006
0.0,16,3.200256
0.0,16,3.202485
0.0,75,3.212992
0.0,56,3.220802
1.0,11,3.222342
1.0,3,3.222764
0.0,5,3.223473
0.0,15,3.225575
0.0,16,3.227815
0.0,31,3.232095
1.0,193,3.259182
0.0,142,3.279148
1.0,18,3.281656
1.0,31,3.285967
1.0,83,3.297895
0.0,85,3.309853
1.0,11,3.3114
0.0,35,3.316297
1.0,66,3.325518
0.0,269,3.363253
1.0,12,3.364932
1.0,113,3.380567
0.0,2,3.380852
0.0,56,3.388696
1.0,13,3.39051
0.0,44,3.396644
0.0,70,3.406407
0.0,28,3.410313
1.0,14,3.412263
1.0,76,3.422875
0.0,7,3.423863
1.0,45,3.430103
1.0,15,3.43222
0.0,29,3.436267
1.0,101,3.450288
0.0,4,3.450848
1.0,11,3.452386
1.0,72,3.462412
0.0,23,3.465607
0.0,156,3.487373
1.0,70,3.497176
0.0,29,3.501227
0.0,9,3.502488
0.0,30,3.506685
1.0,26,3.510303
1.0,84,3.522048
1.0,17,3.524414
1.0,27,3.528132
1.0,26,3.531762
0.0,22,3.534854
0.0,26,3.538452
0.0,1,3.538591
1.0,22,3.541649
1.0,27,3.545436
1.0,20,3.548213
0.0,312,3.591894
0.0,16,3.594141
0.0,8,3.595255
0.0,18,3.597768
0.0,15,3.599886
0.0,14,3.601849
1.0,27,3.605625
1.0,26,3.609249
0.0,18,3.611767
0.0,13,3.613586
1.0,56,3.621459
0.0,14,3.623426
0.0,22,3.626516
1.0,36,3.631569
1.0,32,3.635977
0.0,13,3.637798
0.0,33,3.642424
0.0,6,3.64327
1.0,14,3.645226
0.0,52,3.652489
0.0,48,3.659198
1.0,56,3.667026
1.0,24,3.67038
0.0,13,3.672204
0.0,199,3.699966
1.0,21,3.702899
0.0,12,3.704589
1.0,46,3.711002
0.0,26,3.714638
0.0,69,3.724273
1.0,58,3.732389
0.0,67,3.741731
0.0,360,3.792147
1.0,48,3.798851
0.0,9,3.800116
0.0,80,3.811283
0.0,116,3.827569
0.0,7,3.828554
0.0,8,3.829671
1.0,80,3.840835
0.0,69,3.850488
1.0,27,3.854261
1.0,32,3.858727
0.0,37,3.86391
0.0,123,3.881036
1.0,16,3.883278
1.0,25,3.886785
0.0,94,3.899939
0.0,1,3.90008
1.0,14,3.902028
0.0,4,3.902589
0.0,21,3.905523
0.0,2,3.905807
1.0,15,3.9079
1.0,34,3.91263
1.0,43,3.918554
0.0,4,3.919113
1.0,17,3.921487
0.0,70,3.931153
0.0,4,3.93172
0.0,38,3.937044
0.0,171,3.961003
1.0,81,3.972338
1.0,27,3.976085
1.0,245,4.010231
0.0,2,4.010517
0.0,12,4.012196
0.0,15,4.014284
0.0,58,4.022372
1.0,22,4.025465
0.0,28,4.029368
1.0,51,4.036445
1.0,195,4.063615
1.0,14,4.065572
1.0,66,4.074739
0.0,10,4.076144
0.0,4,4.076708
1.0,13,4.078525
1.0,30,4.082715
0.0,48,4.089439
0.0,12,4.091121
1.0,13,4.092938
0.0,20,4.095742
0.0,88,4.108023
1.0,64,4.117012
1.0,12,4.118699
1.0,39,4.124154
0.0,41,4.12984
0.0,30,4.134015
1.0,17,4.136388
0.0,11,4.137924
0.0,33,4.142516
1.0,53,4.149945
1.0,12,4.151624
0.0,13,4.153429
1.0,47,4.160004
1.0,66,4.169259
1.0,48,4.175929
0.0,5,4.176636
1.0,38,4.181964
0.0,41,4.18779
0.0,16,4.190031
1.0,32,4.194512
0.0,38,4.199812
1.0,54,4.207349
0.0,7,4.208334
1.0,30,4.212517
1.0,117,4.22885
0.0,26,4.232502
1.0,13,4.234327
1.0,38,4.239684
1.0,31,4.244015
1.0,27,4.247782
1.0,13,4.249599
1.0,36,4.254669
1.0,25,4.258131
1.0,78,4.269025
0.0,6,4.269873
0.0,9,4.271136
0.0,6,4.271979
0.0,2,4.272261
1.0,11,4.273801
1.0,33,4.278352
0.0,13,4.280156
0.0,23,4.283327
0.0,12,4.285003
0.0,10,4.286422
0.0,14,4.288375
1.0,52,4.295971
1.0,11,4.297508
1.0,35,4.302373
0.0,11,4.303937
0.0,17,4.306313
0.0,6,4.307155
0.0,81,4.318398
0.0,31,4.322718
1.0,180,4.347731
0.0,20,4.35053
0.0,4,4.351096
0.0,37,4.356285
0.0,18,4.358793
0.0,16,4.361022
0.0,71,4.370925
0.0,11,4.372465
0.0,37,4.377635
1.0,22,4.380699
0.0,21,4.383637
0.0,17,4.386016
0.0,10,4.387416
1.0,53,4.394813
0.0,86,4.406799
1.0,71,4.416714
0.0,46,4.42316
1.0,20,4.425955
1.0,24,4.429303
1.0,49,4.436114
0.0,34,4.440862
1.0,33,4.445482
0.0,18,4.44801
0.0,16,4.450247
1.0,51,4.457399
1.0,23,4.4606
0.0,30,4.464783
1.0,35,4.469676
0.0,29,4.473723
1.0,15,4.475817
0.0,16,4.478047
0.0,22,4.481113
1.0,27,4.484887
0.0,10,4.486288
0.0,37,4.491458
1.0,44,4.497617
0.0,106,4.512404
1.0,23,4.515618
1.0,47,4.522191
0.0,5,4.522892
0.0,14,4.524848
1.0,13,4.526662
1.0,35,4.531559
1.0,34,4.536312
0.0,6,4.537158
1.0,16,4.539403
1.0,62,4.54805
1.0,35,4.552952
0.0,19,4.555616
1.0,22,4.558687
0.0,35,4.563532
0.0,24,4.566857
0.0,63,4.575667
1.0,24,4.579017
0.0,6,4.579862
1.0,31,4.584187
0.0,78,4.595088
0.0,4,4.595652
1.0,28,4.599547
0.0,11,4.601086
0.0,2,4.60137
1.0,24,4.604712
1.0,38,4.609998
1.0,17,4.612372
0.0,33,4.616968
1.0,32,4.621424
0.0,13,4.623256
0.0,15,4.625348
1.0,94,4.638429
1.0,28,4.642337
0.0,53,4.649713
0.0,60,4.658073
0.0,18,4.66058
0.0,5,4.66128
0.0,2,4.661562
0.0,41,4.667284
0.0,22,4.67034
1.0,23,4.673716
1.0,77,4.684456
1.0,32,4.688846
0.0,14,4.690776
1.0,18,4.693282
1.0,14,4.695229
1.0,32,4.699674
1.0,20,4.702449
0.0,3,4.702871
1.0,63,4.711642
1.0,31,4.715972
0.0,49,4.722718
0.0,14,4.724675
0.0,15,4.726769
1.0,23,4.729953
0.0,13,4.731763
1.0,18,4.734265
0.0,10,4.735655
1.0,54,4.743178
1.0,33,4.747761
1.0,17,4.750125
0.0,16,4.752362
0.0,6,4.7532
0.0,25,4.756662
1.0,17,4.75901
0.0,16,4.761245
1.0,54,4.768706
0.0,27,4.772434
1.0,18,4.77493
0.0,16,4.777156
1.0,42,4.783007
0.0,22,4.786053
1.0,21,4.788951
0.0,27,4.792708
1.0,70,4.802466
0.0,28,4.80636
1.0,20,4.809125
1.0,88,4.821307
0.0,13,4.823126
0.0,31,4.82739
1.0,19,4.830019
1.0,30,4.834189
0.0,13,4.835998
0.0,9,4.837254
1.0,18,4.839751
1.0,35,4.844616
0.0,16,4.846834
0.0,178,4.871518
1.0,135,4.890339
1.0,115,4.90641
0.0,24,4.909748
0.0,133,4.92817
1.0,26,4.931762
0.0,31,4.936081
0.0,42,4.941918
0.0,53,4.949216
1.0,15,4.951296
1.0,33,4.955887
0.0,8,4.956997
0.0,20,4.95976
0.0,14,4.961712
1.0,76,4.972297
0.0,17,4.974667
0.0,11,4.976199
0.0,40,4.981759
1.0,52,4.98899
0.0,9,4.990245
0.0,28,4.994142
0.0,25,4.997615
1.0,67,5.006968
1.0,34,5.011726
0.0,1,5.011873
0.0,34,5.016587
1.0,53,5.023965
1.0,36,5.02897
0.0,10,5.030369
1.0,42,5.036199
0.0,70,5.045938
0.0,69,5.055536
0.0,118,5.071923
0.0,6,5.072765
0.0,11,5.074299
0.0,9,5.075552
1.0,105,5.09019
0.0,4,5.090756
1.0,80,5.101932
0.0,38,5.107206
1.0,133,5.125614
1.0,14,5.127562
0.0,41,5.133244
0.0,4,5.133808
1.0,165,5.156707
1.0,165,5.179594
0.0,55,5.187212
0.0,61,5.19574
0.0,167,5.218932
0.0,40,5.224487
0.0,19,5.227133
0.0,2,5.227413
1.0,46,5.233797
1.0,44,5.239881
0.0,9,5.241139
0.0,92,5.253947
0.0,41,5.259646
0.0,34,5.264373
0.0,48,5.271057
0.0,24,5.274419
0.0,54,5.281914
0.0,9,5.283173
1.0,45,5.289432
1.0,64,5.298615
0.0,37,5.303711
1.0,13,5.305524
0.0,23,5.308719
0.0,28,5.31261
0.0,15,5.314696
1.0,16,5.31691
1.0,22,5.319968
0.0,41,5.325663
0.0,24,5.328991
1.0,21,5.331908
0.0,18,5.334407
0.0,21,5.33732
0.0,23,5.340545
1.0,18,5.343049
0.0,61,5.35153
0.0,6,5.352371
1.0,49,5.359168
1.0,13,5.360976
1.0,120,5.377698
1.0,90,5.390247
0.0,43,5.396139
1.0,14,5.398085
0.0,39,5.403509
0.0,18,5.406027
0.0,24,5.409354
0.0,50,5.416319
1.0,56,5.42413
0.0,25,5.427607
1.0,123,5.444715
0.0,11,5.44626
1.0,68,5.455742
1.0,35,5.460613
0.0,220,5.49123
1.0,152,5.512383
0.0,35,5.517244
0.0,56,5.52505
1.0,67,5.534402
1.0,13,5.53624
1.0,68,5.545702
0.0,29,5.549734
0.0,1,5.549879
1.0,16,5.552089
0.0,35,5.556972
0.0,4,5.557534
1.0,59,5.565681
0.0,9,5.566947
1.0,72,5.576968
1.0,34,5.581753
0.0,23,5.584972
1.0,12,5.586649
1.0,27,5.590425
0.0,9,5.591691
0.0,43,5.597668
1.0,11,5.599203
0.0,7,5.600178
1.0,41,5.6058
0.0,5,5.606503
1.0,17,5.60887
1.0,29,5.612925
0.0,27,5.61667
0.0,102,5.631029
1.0,14,5.632988
1.0,30,5.637216
1.0,14,5.639162
0.0,98,5.652793
1.0,12,5.654458
1.0,30,5.658644
0.0,31,5.662908
0.0,15,5.664995
0.0,13,5.666809
0.0,29,5.67081
0.0,17,5.673197
0.0,25,5.676714
1.0,23,5.67991
0.0,108,5.69496
1.0,49,5.701787
0.0,250,5.736828
1.0,13,5.738647
0.0,2,5.73893
1.0,52,5.746194
0.0,81,5.757532
0.0,11,5.759072
0.0,6,5.759912
0.0,9,5.761173
0.0,23,5.764392
1.0,93,5.777367
0.0,21,5.78029
0.0,98,5.793965
0.0,318,5.838404
1.0,40,5.843973
0.0,37,5.849119
0.0,26,5.85275
0.0,275,5.891129
1.0,24,5.894457
1.0,25,5.897947
0.0,12,5.899624
0.0,25,5.903087
1.0,32,5.907516
0.0,30,5.91168
0.0,12,5.913346
0.0,112,5.928949
1.0,12,5.930645
1.0,10,5.932038
1.0,27,5.935773
0.0,4,5.936333
1.0,11,5.937864
1.0,10,5.939246
1.0,66,5.948365
0.0,83,5.959866
1.0,13,5.961673
1.0,6,5.962506
1.0,29,5.966533
0.0,144,5.986635
1.0,13,5.988445
1.0,31,5.992737
0.0,1,5.992881
0.0,94,6.006012
1.0,18,6.008507
1.0,35,6.013372
1.0,66,6.022495
0.0,34,6.027224
0.0,39,6.032659
0.0,32,6.03709
0.0,35,6.041957
0.0,49,6.048746
1.0,33,6.053338
1.0,130,6.071329
0.0,15,6.073428
0.0,17,6.075787
1.0,46,6.082159
0.0,10,6.083552
1.0,42,6.089362
0.0,52,6.096544
1.0,42,6.102366
1.0,20,6.105132
0.0,39,6.110545
0.0,1,6.110689
1.0,18,6.113191
1.0,47,6.119711
0.0,12,6.121388
0.0,89,6.133722
1.0,59,6.141904
0.0,45,6.148159
0.0,79,6.159117
1.0,73,6.169228
1.0,24,6.17257
0.0,101,6.186588
1.0,83,6.19816
0.0,60,6.20648
1.0,8,6.207586
1.0,36,6.21259
1.0,48,6.219251
1.0,59,6.227443
1.0,18,6.229944
0.0,36,6.234962
1.0,40,6.240531
0.0,83,6.25205
0.0,5,6.252749
1.0,386,6.306528
0.0,15,6.308618
0.0,46,6.314993
0.0,15,6.317085
0.0,58,6.325142
0.0,171,6.348955
0.0,6,6.349796
1.0,13,6.351613
1.0,42,6.357458
0.0,10,6.358852
0.0,33,6.363483
1.0,14,6.365431
0.0,17,6.367799
0.0,29,6.371819
0.0,30,6.375987
1.0,122,6.392919
1.0,32,6.39737
0.0,40,6.402906
0.0,87,6.414947
0.0,2,6.41523
1.0,16,6.41745
0.0,2,6.417733
0.0,71,6.427555
1.0,24,6.430875
0.0,9,6.432133
1.0,80,6.443245
0.0,39,6.448647
1.0,19,6.451281
1.0,61,6.45978
0.0,68,6.469238
0.0,21,6.472165
1.0,15,6.474246
1.0,44,6.480345
1.0,24,6.483674
0.0,26,6.487254
1.0,32,6.491662
1.0,12,6.493325
0.0,15,6.495408
1.0,39,6.5008
1.0,12,6.502472
1.0,94,6.515461
0.0,18,6.51795
0.0,2,6.518232
1.0,15,6.520318
0.0,6,6.52115
1.0,85,6.532862
0.0,110,6.548109
0.0,9,6.549366
0.0,33,6.553951
0.0,78,6.564797
0.0,5,6.565498
1.0,67,6.574803
0.0,32,6.579244
0.0,51,6.586319
0.0,38,6.591618
0.0,9,6.592877
1.0,39,6.598293
0.0,13,6.600104
0.0,64,6.608995
1.0,29,6.613019
0.0,38,6.618257
0.0,206,6.646887
0.0,13,6.648697
1.0,27,6.652447
1.0,199,6.680099
0.0,30,6.684269
0.0,24,6.687599
0.0,4,6.68816
0.0,38,6.693437
1.0,53,6.700772
0.0,23,6.703968
1.0,11,6.705493
0.0,27,6.709251
0.0,22,6.712299
0.0,144,6.732112
1.0,11,6.733647
1.0,21,6.736552
1.0,33,6.741054
0.0,82,6.752474
1.0,16,6.754701
1.0,145,6.774733
0.0,4,6.775296
1.0,10,6.776685
1.0,11,6.778214
0.0,23,6.781383
0.0,14,6.783336
0.0,61,6.791804
1.0,13,6.793611
0.0,11,6.795141
0.0,42,6.800924
1.0,201,6.828617
1.0,17,6.830981
1.0,27,6.834663
0.0,16,6.83688
0.0,215,6.866653
1.0,39,6.872073
0.0,33,6.876613
0.0,4,6.877173
0.0,73,6.887293
1.0,30,6.891459
1.0,30,6.895616
0.0,17,6.897983
0.0,147,6.918465
1.0,45,6.924719
0.0,4,6.925284
1.0,30,6.929412
1.0,118,6.945758
1.0,39,6.951148
0.0,16,6.953377
1.0,20,6.95611
0.0,55,6.963733
1.0,98,6.977354
1.0,31,6.98165
1.0,24,6.984987
0.0,2,6.98527
0.0,11,6.986802
0.0,1,6.986946
0.0,11,6.988482
0.0,21,6.99141
1.0,34,6.996139
0.0,18,6.998636
1.0,34,7.003292
0.0,29,7.007348
1.0,14,7.009303
0.0,130,7.027294
0.0,18,7.029788
0.0,17,7.032165
1.0,21,7.035117
1.0,21,7.038033
0.0,21,7.040942
1.0,41,7.046615
1.0,22,7.049702
0.0,56,7.057434
1.0,134,7.076044
0.0,98,7.089693
0.0,45,7.095943
0.0,18,7.098439
1.0,19,7.101055
1.0,231,7.133052
0.0,24,7.136382
0.0,100,7.15025
0.0,27,7.153982
1.0,413,7.211124
0.0,95,7.224275
1.0,12,7.225936
1.0,24,7.229246
0.0,246,7.263289
0.0,17,7.265653
1.0,71,7.275475
0.0,37,7.280603
0.0,63,7.289251
1.0,31,7.293562
0.0,176,7.318277
1.0,55,7.325903
0.0,63,7.334535
1.0,14,7.336468
1.0,51,7.343553
0.0,13,7.345349
0.0,14,7.347291
1.0,16,7.349492
1.0,61,7.357933
1.0,38,7.363188
0.0,27,7.366888
0.0,6,7.367725
1.0,12,7.369378
0.0,25,7.372816
0.0,30,7.376975
1.0,60,7.3853
1.0,31,7.389569
1.0,106,7.404251
0.0,33,7.408829
1.0,17,7.4112
0.0,26,7.414804
1.0,54,7.422254
0.0,4,7.422817
1.0,13,7.424625
0.0,187,7.450493
0.0,6,7.451336
1.0,31,7.455647
1.0,11,7.457176
1.0,31,7.461452
0.0,22,7.464456
0.0,27,7.468192
0.0,14,7.47014
1.0,146,7.490271
0.0,45,7.496388
1.0,48,7.503048
0.0,4,7.503611
0.0,61,7.512102
0.0,22,7.515153
1.0,87,7.527227
1.0,14,7.529166
0.0,14,7.531118
0.0,24,7.534454
0.0,3,7.534873
1.0,14,7.536814
0.0,54,7.544305
0.0,30,7.548417
0.0,21,7.551319
1.0,18,7.553812
1.0,76,7.564329
0.0,2,7.564612
0.0,40,7.570128
1.0,22,7.57318
0.0,70,7.582896
1.0,68,7.59223
1.0,21,7.595143
1.0,15,7.597232
1.0,57,7.605123
0.0,15,7.607203
0.0,2,7.607484
1.0,55,7.61509
0.0,127,7.632679
0.0,45,7.63886
0.0,23,7.642047
1.0,17,7.644421
1.0,47,7.650915
0.0,47,7.657337
0.0,38,7.662592
1.0,15,7.664648
0.0,227,7.696009
0.0,10,7.697407
0.0,2,7.697691
0.0,6,7.698528
0.0,53,7.705875
1.0,24,7.709211
0.0,68,7.718518
1.0,15,7.720603
0.0,71,7.730403
1.0,22,7.733423
0.0,13,7.735232
1.0,31,7.739514
1.0,112,7.755058
1.0,55,7.762614
1.0,16,7.764831
1.0,20,7.767611
0.0,23,7.770791
0.0,10,7.772185
0.0,20,7.774975
0.0,10,7.776365
0.0,21,7.77927
0.0,4,7.77983
0.0,39,7.785204
1.0,14,7.78715
0.0,22,7.7902
0.0,30,7.794354
0.0,117,7.81053
1.0,18,7.813024
0.0,8,7.814137
1.0,16,7.816344
0.0,25,7.819791
1.0,19,7.822428
1.0,40,7.827996
0.0,10,7.829401
0.0,21,7.832317
1.0,38,7.837589
1.0,25,7.841084
0.0,14,7.843023
0.0,53,7.850332
0.0,48,7.857006
0.0,61,7.865414
1.0,14,7.867352
0.0,26,7.870964
1.0,20,7.873732
0.0,9,7.87499
0.0,42,7.880776
0.0,1,7.880915
1.0,14,7.88287
0.0,4,7.883424
0.0,12,7.885096
0.0,61,7.893525
1.0,7,7.894494
0.0,16,7.896722
0.0,123,7.913756
0.0,13,7.915575
1.0,41,7.92123
1.0,136,7.940049
1.0,13,7.941854
0.0,15,7.943933
0.0,21,7.946847
1.0,34,7.951558
0.0,18,7.954057
1.0,140,7.973502
0.0,8,7.974616
0.0,36,7.979608
1.0,39,7.984937
1.0,52,7.992064
1.0,11,7.993595
0.0,16,7.995803
0.0,18,7.998285
1.0,39,8.003648
1.0,14,8.00559
1.0,54,8.012956
1.0,24,8.01626
0.0,32,8.020622
1.0,13,8.022425
0.0,32,8.026837
0.0,36,8.031745
1.0,45,8.037965
1.0,15,8.040045
0.0,25,8.04349
1.0,31,8.047773
0.0,53,8.055141
0.0,2,8.055424
0.0,14,8.057358
1.0,15,8.05941
0.0,10,8.06081
1.0,12,8.062471
0.0,14,8.064411
0.0,13,8.0662
0.0,61,8.074571
1.0,14,8.076495
0.0,17,8.078855
1.0,63,8.087572
0.0,31,8.091846
1.0,16,8.09405
1.0,70,8.10378
0.0,71,8.113585
0.0,40,8.119126
1.0,16,8.121333
1.0,105,8.13589
1.0,30,8.140044
0.0,25,8.143519
1.0,14,8.145458
0.0,19,8.148097
1.0,31,8.152373
1.0,65,8.161335
1.0,14,8.163273
0.0,43,8.169238
1.0,54,8.176708
0.0,106,8.191335
0.0,2,8.191623
1.0,42,8.197454
1.0,40,8.202927
0.0,28,8.206816
1.0,17,8.209161
0.0,25,8.212624
0.0,24,8.215933
0.0,7,8.216906
0.0,90,8.229406
1.0,77,8.240084
1.0,38,8.245346
0.0,51,8.252335
1.0,48,8.258989
0.0,4,8.259549
1.0,80,8.270395
0.0,46,8.2767
1.0,38,8.281946
1.0,19,8.284557
1.0,14,8.286483
0.0,13,8.288286
1.0,47,8.294775
0.0,9,8.296024
0.0,23,8.299216
0.0,3,8.299638
1.0,28,8.303505
1.0,30,8.30768
0.0,10,8.309111
0.0,3,8.309622
0.0,2,8.309948
0.0,59,8.318257
1.0,12,8.319923
0.0,170,8.343649
1.0,14,8.345598
1.0,25,8.349061
0.0,28,8.353029
0.0,198,8.380681
1.0,15,8.382769
1.0,13,8.384572
1.0,91,8.397063
0.0,30,8.401204
1.0,14,8.403162
0.0,15,8.405244
0.0,12,8.406923
0.0,16,8.409151
1.0,21,8.412054
0.0,7,8.413034
1.0,17,8.415388
0.0,33,8.419996
0.0,9,8.421256
1.0,16,8.423479
1.0,23,8.426643
0.0,28,8.430511
1.0,24,8.433845
1.0,14,8.435778
0.0,50,8.442614
0.0,11,8.444155
0.0,2,8.444435
0.0,25,8.447919
1.0,19,8.450543
0.0,43,8.456485
0.0,14,8.458437
0.0,41,8.464078
0.0,6,8.464917
0.0,2,8.465198
0.0,11,8.466734
0.0,6,8.467569
0.0,6,8.468417
0.0,17,8.470825
1.0,21,8.473724
1.0,70,8.483503
1.0,82,8.494892
0.0,142,8.514537
0.0,94,8.527646
1.0,42,8.533485
0.0,26,8.53712
0.0,11,8.538657
1.0,33,8.543252
0.0,14,8.545207
0.0,10,8.546602
0.0,42,8.552415
1.0,29,8.556445
0.0,117,8.572523
0.0,58,8.580599
0.0,14,8.582556
0.0,43,8.588534
0.0,5,8.589234
0.0,33,8.593827
0.0,28,8.597708
0.0,9,8.598964
0.0,88,8.611179
0.0,86,8.623145
0.0,25,8.626605
0.0,9,8.627883
1.0,53,8.635244
1.0,181,8.660432
0.0,108,8.675447
1.0,18,8.677951
1.0,37,8.683092
0.0,38,8.688374
0.0,256,8.724075
1.0,12,8.725753
1.0,40,8.731341
1.0,79,8.742334
0.0,26,8.745958
0.0,10,8.747357
1.0,36,8.752389
0.0,73,8.762562
1.0,59,8.770778
1.0,15,8.772866
1.0,68,8.782311
0.0,57,8.790227
1.0,123,8.807315
0.0,33,8.811906
1.0,39,8.817356
0.0,14,8.819305
0.0,45,8.825549
0.0,12,8.827246
0.0,4,8.827802
1.0,92,8.840604
0.0,1,8.840749
1.0,89,8.853113
1.0,30,8.857298
0.0,18,8.8598
0.0,6,8.860636
1.0,16,8.862863
0.0,17,8.865221
0.0,23,8.868413
0.0,34,8.873133
1.0,52,8.880346
1.0,52,8.887601
0.0,4,8.888167
1.0,141,8.907744
1.0,89,8.920103
0.0,34,8.924862
1.0,64,8.933742
0.0,136,8.952634
0.0,40,8.958213
1.0,79,8.969204
0.0,12,8.970881
0.0,53,8.978233
1.0,31,8.982533
0.0,34,8.987259
0.0,44,8.993388
0.0,69,9.002971
0.0,21,9.005899
1.0,73,9.016056
0.0,57,9.023988
0.0,154,9.045405
1.0,12,9.047073
1.0,49,9.053904
1.0,49,9.060733
1.0,62,9.069361
1.0,13,9.071165
1.0,79,9.082179
0.0,6,9.083024
0.0,30,9.087199
1.0,12,9.08889
1.0,38,9.094198
1.0,48,9.100862
1.0,35,9.105748
1.0,15,9.107831
1.0,54,9.115354
0.0,37,9.120496
1.0,42,9.126354
0.0,17,9.12872
1.0,67,9.138062
1.0,115,9.154116
1.0,35,9.158992
0.0,11,9.160531
0.0,166,9.183527
1.0,67,9.192877
0.0,12,9.194549
1.0,15,9.196639
1.0,74,9.206928
1.0,24,9.210267
0.0,54,9.217772
0.0,59,9.225992
1.0,65,9.235028
1.0,40,9.240596
0.0,93,9.253489
1.0,11,9.255017
1.0,28,9.258901
1.0,69,9.268473
0.0,66,9.277651
1.0,64,9.286529
1.0,6,9.287362
1.0,14,9.289303
1.0,53,9.296693
1.0,18,9.299193
1.0,24,9.302519
1.0,13,9.304321
0.0,4,9.30488
1.0,65,9.313935
1.0,68,9.323627
1.0,52,9.33083
0.0,8,9.331946
1.0,20,9.334723
1.0,10,9.336109
1.0,174,9.360202
0.0,25,9.363668
1.0,99,9.377415
0.0,33,9.381984
0.0,80,9.393087
0.0,110,9.408354
1.0,16,9.410572
1.0,13,9.412375
0.0,7,9.41335
0.0,7,9.414322
1.0,41,9.420022
1.0,12,9.421687
0.0,40,9.427222
1.0,66,9.436426
1.0,54,9.443917
1.0,107,9.458754
0.0,38,9.464022
0.0,104,9.478419
1.0,21,9.481329
0.0,31,9.485647
1.0,24,9.488956
1.0,105,9.50353
1.0,10,9.504917
1.0,24,9.508236
0.0,11,9.509756
0.0,43,9.515725
0.0,7,9.516699
0.0,54,9.524168
1.0,72,9.534161
0.0,2,9.534448
1.0,24,9.537788
1.0,60,9.546117
0.0,22,9.549194
0.0,38,9.554474
1.0,33,9.559047
0.0,103,9.573328
1.0,29,9.577367
1.0,33,9.58195
1.0,29,9.585967
1.0,111,9.601362
1.0,30,9.605575
1.0,139,9.624907
1.0,22,9.627966
1.0,105,9.642576
1.0,26,9.646207
0.0,4,9.646772
1.0,18,9.649269
1.0,18,9.651764
0.0,32,9.656218
0.0,22,9.659274
0.0,1,9.659419
0.0,33,9.663987
1.0,28,9.667871
0.0,72,9.67786
0.0,3,9.678284
0.0,4,9.678843
1.0,54,9.686354
0.0,43,9.692339
0.0,12,9.694017
0.0,138,9.713157
1.0,133,9.731593
0.0,27,9.735348
1.0,46,9.741709
0.0,27,9.745534
0.0,20,9.748285
0.0,88,9.760478
0.0,4,9.76104
0.0,2,9.761323
1.0,21,9.764234
0.0,4,9.764794
1.0,16,9.767013
1.0,205,9.795417
1.0,21,9.798366
1.0,54,9.805891
0.0,29,9.809921
0.0,20,9.812716
1.0,23,9.815895
1.0,162,9.838412
1.0,38,9.8437
0.0,28,9.847565
0.0,19,9.850195
0.0,42,9.856101
1.0,58,9.864164
0.0,26,9.867784
1.0,104,9.882206
0.0,15,9.884299
1.0,34,9.889025
1.0,76,9.899584
0.0,16,9.901815
1.0,16,9.904049
1.0,25,9.907521
1.0,89,9.919905
0.0,18,9.922413
1.0,47,9.928945
1.0,19,9.931583
0.0,40,9.937147
1.0,34,9.941869
0.0,6,9.942707
0.0,10,9.944093
1.0,18,9.9466
0.0,16,9.94882
1.0,25,9.952283
0.0,4,9.952845
0.0,55,9.96046
1.0,36,9.965469
0.0,4,9.966029
0.0,9,9.967285
1.0,37,9.972433
0.0,4,9.972996
0.0,6,9.973831
1.0,32,9.978271
1.0,16,9.980479
1.0,56,9.988264
0.0,71,9.998129
1.0,27,10.001879
1.0,30,10.006011
0.0,34,10.010758
0.0,38,10.016036
1.0,22,10.019097
1.0,74,10.029399
0.0,44,10.035517
0.0,94,10.048536
0.0,19,10.051182
1.0,20,10.053951
0.0,30,10.058118
1.0,55,10.06577
1.0,30,10.069944
0.0,38,10.075228
0.0,37,10.080387
1.0,89,10.092761
0.0,5,10.093464
0.0,56,10.101226
0.0,27,10.104985
1.0,110,10.120248
1.0,28,10.124139
0.0,105,10.138655
1.0,44,10.144802
1.0,57,10.152731
1.0,6,10.153563
0.0,26,10.157178
0.0,30,10.161351
1.0,56,10.169156
1.0,40,10.174695
0.0,77,10.185352
1.0,51,10.192462
0.0,32,10.196928
1.0,18,10.199422
1.0,34,10.204161
0.0,48,10.210887
1.0,87,10.223048
1.0,12,10.224711
1.0,40,10.230262
1.0,42,10.236102
0.0,16,10.238327
0.0,1,10.238472
1.0,39,10.243899
0.0,10,10.245297
1.0,57,10.253227
0.0,25,10.256684
1.0,49,10.263501
0.0,23,10.266676
0.0,33,10.271245
1.0,16,10.273487
1.0,37,10.278614
1.0,46,10.285006
1.0,43,10.290987
1.0,13,10.292791
1.0,41,10.298479
0.0,32,10.302917
0.0,67,10.312177
1.0,23,10.315365
0.0,9,10.316611
0.0,28,10.320809
0.0,8,10.321929
0.0,7,10.3229
1.0,37,10.328038
1.0,43,10.33401
1.0,52,10.341201
1.0,12,10.342871
1.0,25,10.346342
1.0,26,10.34992
0.0,45,10.356148
1.0,16,10.358365
1.0,27,10.362113
1.0,36,10.367108
1.0,30,10.371264
1.0,13,10.373065
0.0,6,10.373899
1.0,25,10.377367
0.0,34,10.382066
1.0,14,10.383993
1.0,36,10.388998
1.0,31,10.393284
1.0,35,10.398143
1.0,19,10.400779
1.0,25,10.404251
0.0,10,10.405667
1.0,20,10.408433
1.0,11,10.409957
1.0,27,10.413718
1.0,25,10.417135
1.0,50,10.424038
1.0,20,10.426804
1.0,24,10.430103
1.0,29,10.434052
1.0,37,10.439167
1.0,29,10.443159
0.0,12,10.444827
1.0,23,10.447974
0.0,5,10.448663
1.0,19,10.45129
1.0,66,10.460405
1.0,30,10.464498
0.0,9,10.465742
1.0,11,10.467269
1.0,19,10.469886
1.0,23,10.473056
0.0,27,10.476782
1.0,12,10.478445
0.0,50,10.485343
0.0,28,10.489196
0.0,16,10.491412
1.0,14,10.493359
0.0,13,10.495154
0.0,33,10.49973
0.0,66,10.508882
1.0,24,10.512213
1.0,17,10.514563
0.0,16,10.516782
0.0,34,10.521438
0.0,35,10.526282
0.0,26,10.529888
0.0,55,10.537529
0.0,5,10.538223
1.0,21,10.541125
0.0,9,10.542376
0.0,22,10.545428
0.0,14,10.547348
1.0,30,10.55148
0.0,42,10.557313
1.0,27,10.561021
1.0,24,10.564355
0.0,18,10.566857
0.0,22,10.569882
0.0,16,10.572101
1.0,54,10.579585
1.0,8,10.580695
0.0,8,10.581803
0.0,20,10.584543
1.0,39,10.589951
1.0,21,10.592862
0.0,5,10.593555
0.0,47,10.600055
0.0,38,10.605342
1.0,20,10.608092
0.0,77,10.618657
1.0,57,10.626556
1.0,30,10.630726
1.0,14,10.63266
0.0,92,10.645371
1.0,19,10.647984
0.0,1,10.648132
1.0,13,10.649931
0.0,27,10.653676
0.0,23,10.656802
0.0,58,10.664819
1.0,12,10.66648
0.0,8,10.667587
1.0,21,10.670466
1.0,33,10.67524
1.0,12,10.676929
0.0,28,10.680828
0.0,34,10.685533
0.0,28,10.689456
1.0,22,10.692512
0.0,15,10.69461
0.0,7,10.695592
1.0,41,10.701325
1.0,73,10.711504
0.0,35,10.716386
0.0,23,10.719586
1.0,32,10.724027
1.0,14,10.725984
1.0,21,10.728897
0.0,13,10.730714
0.0,19,10.733366
0.0,18,10.7359
0.0,35,10.740765
1.0,43,10.746722
1.0,74,10.757034
1.0,26,10.760653
1.0,34,10.765403
0.0,16,10.76765
1.0,33,10.772261
1.0,23,10.775458
1.0,30,10.779639
1.0,61,10.78816
1.0,33,10.792774
1.0,20,10.795549
0.0,49,10.802399
1.0,42,10.808293
1.0,33,10.812913
1.0,14,10.814868
0.0,38,10.82018
1.0,32,10.82466
0.0,94,10.837734
1.0,21,10.840659
1.0,57,10.848607
1.0,39,10.854055
1.0,89,10.866468
1.0,20,10.869249
1.0,8,10.870365
1.0,51,10.877485
1.0,50,10.884471
0.0,2,10.884761
1.0,72,10.894788
0.0,8,10.895914
0.0,10,10.897304
1.0,17,10.899666
1.0,50,10.906638
0.0,16,10.908882
0.0,65,10.91793
1.0,14,10.919878
0.0,7,10.920858
1.0,33,10.925451
0.0,32,10.929895
1.0,20,10.932698
0.0,25,10.93615
1.0,16,10.938367
0.0,25,10.941851
1.0,22,10.944903
0.0,13,10.946719
1.0,31,10.951023
1.0,34,10.955775
1.0,16,10.958001
1.0,28,10.961894
1.0,36,10.966913
1.0,52,10.974166
1.0,13,10.975978
1.0,18,10.978483
0.0,23,10.981692
0.0,24,10.985036
1.0,29,10.989053
1.0,46,10.995459
1.0,32,10.999921
0.0,12,11.001592
1.0,24,11.004931
0.0,32,11.009383
1.0,39,11.014821
0.0,258,11.050801
1.0,13,11.052629
1.0,32,11.057112
1.0,19,11.059764
0.0,71,11.069675
1.0,29,11.073709
1.0,30,11.077894
0.0,13,11.079714
0.0,41,11.085458
1.0,18,11.087976
1.0,141,11.107709
0.0,4,11.108276
0.0,28,11.11218
1.0,17,11.114563
0.0,4,11.115128
1.0,29,11.119177
0.0,36,11.124203
0.0,8,11.125322
1.0,123,11.142687
1.0,35,11.147586
0.0,105,11.162283
1.0,13,11.164103
0.0,21,11.167042
0.0,46,11.173499
0.0,27,11.17729
1.0,13,11.17911
1.0,33,11.183732
0.0,15,11.185839
0.0,49,11.192736
1.0,16,11.194985
1.0,42,11.200886
1.0,49,11.207764
0.0,27,11.211542
0.0,13,11.213373
0.0,36,11.218409
0.0,73,11.228623
0.0,44,11.234782
0.0,7,11.235764
1.0,16,11.237985
0.0,53,11.245375
0.0,1,11.245521
0.0,6,11.246366
1.0,26,11.250015
0.0,13,11.251855
0.0,25,11.255393
0.0,108,11.270548
1.0,66,11.279757
1.0,45,11.285963
0.0,4,11.286527
1.0,142,11.306408
0.0,6,11.307264
0.0,26,11.310883
0.0,10,11.312289
0.0,6,11.313136
1.0,89,11.325869
0.0,12,11.327646
0.0,43,11.333638
1.0,65,11.342715
1.0,6,11.343552
0.0,24,11.346898
0.0,74,11.357203
0.0,42,11.363055
0.0,75,11.373486
0.0,15,11.375585
0.0,180,11.400676
1.0,24,11.404032
0.0,1,11.40418
0.0,12,11.405874
0.0,29,11.409931
0.0,14,11.411895
0.0,157,11.433816
0.0,9,11.435075
1.0,110,11.450462
1.0,58,11.45857
0.0,131,11.476815
1.0,95,11.490077
0.0,87,11.502166
1.0,20,11.504961
0.0,34,11.509724
0.0,4,11.510286
0.0,6,11.51113
0.0,4,11.511696
0.0,39,11.517137
0.0,29,11.521168
0.0,55,11.528841
1.0,21,11.531777
0.0,31,11.536115
0.0,2,11.536398
0.0,32,11.540862
1.0,32,11.545331
1.0,51,11.552416
0.0,14,11.554381
0.0,49,11.561211
0.0,5,11.561916
0.0,20,11.564709
1.0,21,11.567623
1.0,51,11.574789
0.0,52,11.582041
0.0,61,11.590567
1.0,24,11.593926
0.0,104,11.608433
1.0,19,11.611092
0.0,64,11.620013
0.0,18,11.622529
0.0,449,11.684941
1.0,87,11.697087
1.0,212,11.726481
0.0,23,11.729676
0.0,32,11.734144
0.0,5,11.73485
1.0,8,11.73596
0.0,48,11.742641
0.0,113,11.758361
1.0,32,11.762812
1.0,20,11.765595
0.0,33,11.770164
0.0,9,11.771422
0.0,11,11.772964
0.0,2,11.773247
0.0,106,11.788007
0.0,19,11.790626
1.0,35,11.795484
1.0,71,11.805365
1.0,20,11.808139
0.0,19,11.810774
0.0,28,11.814665
1.0,82,11.826066
1.0,245,11.860187
0.0,157,11.882046
1.0,33,11.886639
1.0,96,11.899988
0.0,2,11.900272
1.0,307,11.943008
0.0,1,11.943156
0.0,19,11.945821
0.0,328,11.991528
0.0,130,12.009637
0.0,45,12.015924
0.0,6,12.016767
0.0,71,12.026635
1.0,79,12.03762
0.0,84,12.049312
0.0,16,12.051556
0.0,102,12.065778
0.0,6,12.066621
0.0,8,12.067739
0.0,12,12.069418
1.0,52,12.076706
1.0,37,12.081863
1.0,11,12.083406
1.0,177,12.108031
1.0,23,12.11123
1.0,31,12.11556
1.0,10,12.116975
1.0,4,12.117534
0.0,7,12.118514
0.0,40,12.124085
0.0,7,12.125059
1.0,27,12.128815
1.0,37,12.133952
1.0,69,12.143559
1.0,12,12.14524
0.0,23,12.148444
1.0,29,12.152478
0.0,61,12.160982
1.0,14,12.16293
1.0,242,12.196634
1.0,94,12.209783
1.0,73,12.219978
1.0,11,12.221517
0.0,13,12.22333
1.0,62,12.232002
0.0,32,12.236429
0.0,22,12.239508
1.0,185,12.265347
0.0,18,12.267871
0.0,171,12.291694
1.0,32,12.296167
0.0,3,12.296591
0.0,35,12.301453
0.0,37,12.306625
1.0,13,12.308445
1.0,8,12.309565
1.0,169,12.333471
0.0,32,12.337938
1.0,31,12.342248
0.0,39,12.34769
1.0,33,12.352274
0.0,63,12.361061
1.0,17,12.363431
0.0,54,12.370948
0.0,94,12.384072
0.0,170,12.407781
0.0,16,12.410013
0.0,143,12.429959
1.0,26,12.433587
0.0,72,12.44365
1.0,20,12.446452
0.0,67,12.45579
1.0,33,12.46041
0.0,37,12.465564
1.0,16,12.467796
0.0,6,12.468639
0.0,24,12.471993
1.0,49,12.478864
0.0,10,12.480266
0.0,19,12.48292
1.0,46,12.489368
1.0,51,12.496407
1.0,15,12.498505
1.0,16,12.50073
0.0,20,12.503519
0.0,22,12.506585
0.0,9,12.507841
0.0,38,12.513158
1.0,21,12.516078
1.0,34,12.520831
1.0,56,12.528732
1.0,56,12.536554
1.0,24,12.539897
1.0,40,12.545496
1.0,13,12.547321
1.0,53,12.554737
1.0,25,12.558213
1.0,51,12.565382
1.0,14,12.567359
1.0,20,12.570147
1.0,94,12.583345
0.0,18,12.585901
1.0,14,12.587853
1.0,40,12.593438
1.0,53,12.600856
0.0,73,12.611015
1.0,13,12.61283
1.0,76,12.623415
0.0,9,12.624684
0.0,22,12.627761
0.0,25,12.63126
1.0,45,12.637582
0.0,88,12.649871
0.0,43,12.655852
1.0,19,12.658506
1.0,45,12.664822
0.0,40,12.670406
1.0,50,12.677335
0.0,7,12.678324
1.0,9,12.679573
1.0,42,12.685428
0.0,33,12.690024
1.0,15,12.692118
0.0,18,12.694634
0.0,18,12.69715
0.0,56,12.704949
0.0,6,12.705782
1.0,35,12.710687
1.0,26,12.714319
0.0,8,12.715441
1.0,15,12.71753
0.0,31,12.721869
0.0,40,12.727458
1.0,48,12.734123
1.0,13,12.735939
1.0,27,12.739704
1.0,60,12.74812
0.0,59,12.756293
0.0,13,12.758109
1.0,33,12.762707
1.0,98,12.776443
1.0,59,12.784658
1.0,78,12.795498
1.0,32,12.799967
0.0,13,12.801787
1.0,72,12.811796
1.0,25,12.815289
0.0,2,12.815576
0.0,27,12.819343
0.0,39,12.824769
1.0,16,12.826999
0.0,10,12.828392
1.0,15,12.830469
0.0,13,12.832286
1.0,12,12.833961
0.0,23,12.837139
1.0,35,12.841918
0.0,2,12.842201
1.0,12,12.843877
1.0,10,12.845261
1.0,22,12.848319
1.0,66,12.857517
1.0,19,12.860151
1.0,19,12.862778
0.0,9,12.864028
1.0,40,12.869595
1.0,11,12.871124
0.0,68,12.880534
0.0,13,12.882344
1.0,86,12.89427
1.0,14,12.896206
0.0,1,12.896349
1.0,18,12.898815
0.0,30,12.902984
1.0,13,12.904791
1.0,130,12.922713
1.0,29,12.926741
1.0,105,12.941347
1.0,12,12.943018
1.0,34,12.947744
0.0,3,12.948166
0.0,26,12.95177
0.0,27,12.955523
0.0,5,12.956226
0.0,26,12.959832
0.0,52,12.967046
1.0,14,12.968994
0.0,4,12.969559
1.0,18,12.972075
1.0,26,12.975695
1.0,15,12.977775
1.0,60,12.986111
1.0,24,12.989417
1.0,65,12.998475
0.0,10,12.999882
1.0,35,13.004751
0.0,14,13.006707
1.0,46,13.013105
1.0,11,13.014645
0.0,6,13.01549
1.0,29,13.019476
1.0,30,13.023663
1.0,14,13.025618
0.0,23,13.028792
0.0,6,13.029633
1.0,56,13.037467
1.0,19,13.040115
0.0,13,13.041933
1.0,42,13.047809
0.0,3,13.048236
1.0,12,13.049907
0.0,10,13.051308
1.0,34,13.055985
0.0,17,13.058336
1.0,11,13.059869
0.0,17,13.062232
0.0,6,13.06307
1.0,153,13.084477
1.0,10,13.085895
1.0,28,13.089769
0.0,20,13.092549
1.0,61,13.101091
1.0,18,13.103618
1.0,51,13.110667
0.0,14,13.112631
1.0,33,13.117243
1.0,14,13.119201
1.0,23,13.122404
0.0,17,13.124773
1.0,39,13.130235
1.0,13,13.132049
0.0,16,13.134288
0.0,18,13.136797
1.0,73,13.146933
1.0,13,13.148748
1.0,100,13.162582
1.0,20,13.165378
0.0,43,13.17134
1.0,69,13.180949
0.0,23,13.184155
1.0,20,13.186916
0.0,1,13.187058
0.0,11,13.1886
1.0,32,13.193055
1.0,22,13.196061
0.0,39,13.201494
1.0,19,13.204145
1.0,45,13.210417
1.0,47,13.21687
0.0,24,13.220201
1.0,18,13.222704
0.0,30,13.226875
0.0,17,13.22923
0.0,21,13.232158
1.0,11,13.233703
1.0,54,13.241249
0.0,11,13.242786
1.0,48,13.249495
1.0,18,13.251994
0.0,12,13.253674
0.0,9,13.254937
0.0,14,13.256888
1.0,15,13.258963
0.0,33,13.263567
0.0,12,13.265247
1.0,72,13.275289
1.0,14,13.277235
1.0,38,13.282532
0.0,4,13.283098
1.0,29,13.287156
1.0,14,13.289105
1.0,30,13.293275
1.0,25,13.296752
0.0,34,13.301478
1.0,20,13.304258
0.0,8,13.305379
1.0,82,13.316755
1.0,37,13.321892
0.0,24,13.325242
1.0,106,13.340215
0.0,15,13.342312
0.0,17,13.344696
1.0,11,13.34623
1.0,45,13.35251
1.0,27,13.356271
0.0,25,13.359772
0.0,6,13.360612
1.0,40,13.36617
1.0,20,13.368957
0.0,53,13.37636
1.0,15,13.378454
0.0,27,13.382223
1.0,35,13.387062
0.0,113,13.402783
1.0,11,13.404324
0.0,6,13.405164
0.0,13,13.406968
0.0,225,13.438163
1.0,16,13.440374
0.0,14,13.442327
0.0,23,13.445521
1.0,104,13.460068
1.0,29,13.464112
1.0,13,13.465926
0.0,19,13.468566
1.0,46,13.474939
1.0,14,13.476895
1.0,38,13.482186
0.0,15,13.484288
0.0,33,13.488912
1.0,39,13.494371
0.0,70,13.504158
0.0,20,13.50695
0.0,20,13.509719
1.0,25,13.513198
0.0,56,13.521021
0.0,48,13.527732
0.0,14,13.529692
1.0,20,13.53248
0.0,45,13.538738
1.0,48,13.545368
1.0,62,13.554008
1.0,29,13.558051
0.0,31,13.562373
1.0,28,13.566266
1.0,42,13.572124
1.0,20,13.574924
0.0,49,13.58172
1.0,61,13.590253
1.0,47,13.596827
0.0,12,13.598505
1.0,65,13.607584
1.0,33,13.61218
0.0,8,13.613299
1.0,15,13.6154
1.0,23,13.618616
0.0,31,13.622931
0.0,31,13.627259
1.0,15,13.629364
1.0,10,13.630754
0.0,1,13.630905
0.0,24,13.63427
1.0,14,13.636221
0.0,6,13.637057
0.0,1,13.637202
1.0,75,13.647632
1.0,17,13.649999
1.0,33,13.654598
1.0,34,13.659335
0.0,43,13.665322
1.0,17,13.667692
0.0,37,13.672846
1.0,34,13.677643
0.0,74,13.687953
1.0,19,13.690597
0.0,21,13.693528
1.0,33,13.698161
0.0,26,13.701771
1.0,17,13.704152
1.0,34,13.708896
1.0,37,13.714053
1.0,20,13.716839
1.0,21,13.71976
0.0,47,13.72631
0.0,24,13.729641
0.0,11,13.731177
1.0,18,13.733684
1.0,6,13.73452
1.0,24,13.737823
0.0,20,13.7406
1.0,24,13.743933
1.0,8,13.745048
1.0,29,13.749104
0.0,34,13.75383
0.0,8,13.754951
1.0,28,13.758836
0.0,25,13.762326
0.0,38,13.767617
1.0,13,13.769443
1.0,4,13.769997
1.0,47,13.77651
0.0,10,13.777906
1.0,24,13.781224
0.0,20,13.784009
1.0,48,13.790689
0.0,61,13.799222
0.0,12,13.800901
1.0,28,13.804782
0.0,151,13.825826
1.0,84,13.837574
0.0,76,13.848214
1.0,30,13.852391
1.0,149,13.873186
0.0,31,13.87749
1.0,52,13.884741
0.0,17,13.88711
0.0,25,13.890598
0.0,57,13.898527
1.0,18,13.901022
1.0,18,13.903523
1.0,90,13.916089
0.0,19,13.918734
1.0,65,13.927873
