#{"t_start": 1715436939.263272, "env_id": "Office-v0"}
r,l,t
0.0,17,0.003335
0.0,55,0.012091
0.0,16,0.014576
1.0,33,0.019359
0.0,82,0.031094
1.0,90,0.043481
0.0,64,0.052231
0.0,10,0.053611
1.0,64,0.062395
0.0,58,0.070305
0.0,89,0.082461
1.0,49,0.089114
0.0,18,0.091556
1.0,85,0.10318
0.0,84,0.114646
1.0,6,0.115465
1.0,9,0.116693
0.0,12,0.118329
0.0,8,0.119429
0.0,17,0.121751
1.0,53,0.128972
0.0,49,0.135637
0.0,70,0.145162
0.0,74,0.155224
1.0,4,0.155771
0.0,15,0.157821
0.0,67,0.166921
1.0,68,0.176245
0.0,49,0.182905
0.0,16,0.18509
0.0,72,0.194874
0.0,82,0.20605
0.0,111,0.221215
0.0,24,0.224498
0.0,12,0.22615
1.0,45,0.232282
0.0,6,0.233115
1.0,58,0.241054
1.0,103,0.255169
0.0,111,0.270334
1.0,108,0.285133
0.0,1,0.285286
0.0,66,0.29431
1.0,120,0.310785
1.0,77,0.321275
1.0,53,0.328494
0.0,10,0.32985
1.0,6,0.330669
0.0,113,0.346154
0.0,65,0.355024
0.0,24,0.358275
1.0,25,0.36168
1.0,167,0.384512
0.0,46,0.390809
0.0,131,0.408806
1.0,10,0.410183
0.0,3,0.410597
1.0,17,0.412912
0.0,25,0.416359
0.0,37,0.421427
0.0,6,0.422256
0.0,85,0.433964
0.0,8,0.435065
0.0,34,0.439719
0.0,11,0.441221
1.0,194,0.467902
0.0,22,0.470941
1.0,25,0.474387
1.0,167,0.497365
0.0,49,0.504371
0.0,101,0.518342
1.0,48,0.524881
0.0,145,0.544876
0.0,92,0.557521
1.0,30,0.561628
1.0,50,0.568497
0.0,54,0.575927
0.0,84,0.587462
0.0,44,0.593489
0.0,16,0.595688
0.0,14,0.597616
0.0,107,0.612395
0.0,38,0.61762
0.0,29,0.621603
0.0,34,0.626296
0.0,7,0.627266
0.0,14,0.629183
0.0,9,0.630422
0.0,27,0.634145
1.0,194,0.662163
0.0,36,0.667248
1.0,43,0.673233
1.0,68,0.682698
0.0,60,0.691047
0.0,28,0.694906
1.0,51,0.702006
1.0,20,0.704782
0.0,19,0.70744
0.0,11,0.708979
0.0,31,0.71327
1.0,71,0.723151
0.0,13,0.724959
0.0,27,0.728703
0.0,45,0.734973
0.0,21,0.737915
0.0,64,0.746807
0.0,203,0.77515
0.0,8,0.776285
1.0,28,0.780164
0.0,13,0.781973
0.0,117,0.798279
0.0,101,0.812359
1.0,99,0.826182
0.0,67,0.835534
0.0,106,0.850268
0.0,55,0.857925
1.0,70,0.867698
0.0,15,0.869783
0.0,63,0.878547
0.0,1,0.878693
0.0,135,0.897488
0.0,43,0.903455
0.0,31,0.907771
0.0,140,0.927276
1.0,148,0.947914
1.0,74,0.958223
0.0,180,0.983307
0.0,8,0.984423
1.0,87,0.996464
0.0,44,1.002582
0.0,90,1.015105
0.0,42,1.020936
0.0,18,1.023432
0.0,82,1.034838
0.0,54,1.042356
0.0,109,1.057525
0.0,23,1.060726
1.0,54,1.068214
0.0,76,1.078781
0.0,92,1.091562
0.0,133,1.110106
0.0,44,1.11621
0.0,217,1.146498
1.0,30,1.150637
0.0,29,1.15467
0.0,31,1.158977
0.0,9,1.160232
1.0,8,1.161338
1.0,30,1.165491
0.0,133,1.183993
0.0,41,1.189651
0.0,13,1.19145
1.0,9,1.19269
1.0,27,1.196434
1.0,38,1.2017
1.0,29,1.205719
1.0,36,1.21071
0.0,24,1.214045
0.0,174,1.238291
0.0,27,1.242062
1.0,10,1.24344
1.0,47,1.249943
0.0,15,1.25202
0.0,22,1.255067
1.0,8,1.256168
0.0,14,1.258129
0.0,372,1.309826
0.0,12,1.311501
1.0,26,1.315067
0.0,41,1.320744
0.0,1,1.320889
0.0,28,1.324753
0.0,9,1.326019
0.0,4,1.326572
0.0,2,1.326858
1.0,6,1.327686
0.0,23,1.330876
0.0,7,1.33185
0.0,19,1.334478
0.0,29,1.338497
0.0,52,1.345713
0.0,13,1.347527
0.0,183,1.373005
0.0,97,1.394699
0.0,58,1.403204
0.0,66,1.412686
0.0,139,1.432345
0.0,28,1.43629
0.0,39,1.441726
0.0,109,1.457178
0.0,74,1.467515
1.0,124,1.484801
0.0,22,1.487883
1.0,63,1.496652
0.0,25,1.500141
0.0,7,1.501121
1.0,24,1.504469
0.0,156,1.526721
0.0,23,1.529937
1.0,35,1.534808
0.0,37,1.539949
1.0,71,1.549809
0.0,197,1.577298
1.0,18,1.579801
0.0,3,1.580228
1.0,12,1.581894
0.0,114,1.597825
1.0,14,1.59977
0.0,6,1.600607
0.0,38,1.605901
0.0,228,1.637842
0.0,3,1.638274
0.0,54,1.64581
0.0,54,1.653357
0.0,59,1.661636
1.0,8,1.662753
1.0,69,1.672395
1.0,162,1.695016
0.0,34,1.699774
1.0,18,1.702262
1.0,20,1.705056
0.0,90,1.717609
1.0,32,1.722054
1.0,50,1.729
0.0,21,1.731927
1.0,26,1.735514
0.0,4,1.736071
1.0,27,1.73984
1.0,79,1.750816
0.0,22,1.753843
0.0,51,1.760967
0.0,16,1.763203
0.0,2,1.763487
1.0,38,1.768939
1.0,43,1.774902
0.0,18,1.77741
0.0,34,1.782121
0.0,9,1.783379
0.0,77,1.794075
1.0,11,1.795607
1.0,40,1.801148
1.0,85,1.812945
0.0,39,1.818357
1.0,22,1.821419
1.0,15,1.823498
0.0,10,1.824895
1.0,56,1.832693
0.0,2,1.832976
0.0,13,1.834772
0.0,17,1.837136
0.0,74,1.847512
0.0,23,1.850713
1.0,72,1.860763
0.0,27,1.864521
0.0,55,1.872205
0.0,11,1.873754
0.0,17,1.87613
1.0,15,1.878223
0.0,20,1.88103
0.0,13,1.882844
0.0,55,1.890525
0.0,13,1.892345
0.0,11,1.893877
1.0,46,1.900275
0.0,7,1.901255
0.0,21,1.904186
0.0,52,1.91145
0.0,44,1.917583
1.0,53,1.924951
1.0,16,1.927172
0.0,90,1.939743
0.0,11,1.941282
0.0,82,1.952728
0.0,15,1.954825
0.0,39,1.960273
0.0,135,1.979196
0.0,105,1.993893
1.0,33,1.998474
0.0,93,2.011507
0.0,23,2.014712
0.0,60,2.023105
1.0,16,2.025333
0.0,159,2.047602
0.0,107,2.06254
1.0,24,2.065873
1.0,49,2.07266
1.0,87,2.084781
1.0,256,2.120624
0.0,18,2.123154
0.0,16,2.125386
0.0,112,2.14104
0.0,78,2.15192
0.0,52,2.159155
0.0,11,2.160698
0.0,41,2.166422
0.0,28,2.170335
0.0,29,2.17438
0.0,21,2.177311
0.0,15,2.179407
0.0,2,2.179689
0.0,57,2.187634
0.0,20,2.190422
0.0,81,2.201755
0.0,4,2.202317
0.0,20,2.205118
0.0,7,2.206101
0.0,20,2.208898
0.0,1,2.209041
0.0,71,2.218954
0.0,27,2.22273
0.0,45,2.228998
0.0,66,2.238212
1.0,41,2.243927
0.0,45,2.250222
0.0,27,2.253988
0.0,50,2.26096
1.0,33,2.26555
0.0,76,2.276191
1.0,343,2.32414
0.0,8,2.325268
0.0,37,2.330433
0.0,62,2.339065
0.0,17,2.341432
0.0,25,2.344896
0.0,53,2.352287
0.0,34,2.357022
0.0,204,2.385568
0.0,56,2.393362
1.0,26,2.396989
1.0,64,2.405899
0.0,56,2.413667
0.0,89,2.426058
1.0,11,2.427585
0.0,61,2.436114
1.0,277,2.474898
0.0,28,2.478782
1.0,26,2.482403
1.0,43,2.48837
0.0,44,2.494491
1.0,64,2.503402
1.0,35,2.508269
1.0,70,2.518371
0.0,156,2.54022
1.0,38,2.545511
0.0,26,2.549143
0.0,7,2.550127
0.0,105,2.564808
1.0,10,2.566202
0.0,99,2.580043
0.0,27,2.583795
0.0,129,2.601881
1.0,8,2.602998
1.0,28,2.606891
0.0,6,2.607725
0.0,47,2.614286
1.0,71,2.624156
1.0,60,2.632513
0.0,130,2.650721
0.0,89,2.663181
1.0,9,2.664432
1.0,38,2.669714
0.0,6,2.670554
0.0,14,2.672494
1.0,27,2.676222
0.0,66,2.685436
0.0,4,2.685997
0.0,73,2.696175
0.0,11,2.697703
0.0,98,2.711374
0.0,18,2.713885
0.0,71,2.723731
1.0,28,2.727632
1.0,19,2.730282
1.0,20,2.733076
0.0,21,2.736008
1.0,40,2.741589
1.0,16,2.743824
1.0,53,2.751179
0.0,11,2.752717
0.0,7,2.753696
0.0,80,2.764833
0.0,8,2.765956
0.0,197,2.793901
0.0,34,2.798656
1.0,33,2.80326
0.0,27,2.807027
1.0,52,2.81423
0.0,48,2.820929
1.0,54,2.828461
0.0,13,2.830299
0.0,66,2.839535
0.0,19,2.842222
1.0,45,2.848475
1.0,38,2.85378
0.0,2,2.854071
0.0,13,2.855913
0.0,37,2.861085
1.0,19,2.863733
0.0,104,2.878356
0.0,70,2.888127
0.0,121,2.90501
0.0,13,2.90686
0.0,6,2.907705
0.0,74,2.918026
0.0,14,2.919981
0.0,16,2.922219
0.0,13,2.924042
0.0,4,2.9246
1.0,43,2.930594
0.0,185,2.956511
1.0,88,2.968817
0.0,58,2.976916
0.0,18,2.979426
1.0,56,2.98723
0.0,161,3.009636
0.0,20,3.012428
1.0,63,3.021165
1.0,22,3.024234
0.0,50,3.031169
1.0,5,3.031863
1.0,18,3.034364
0.0,8,3.035678
0.0,17,3.038054
1.0,60,3.046421
0.0,12,3.048094
0.0,16,3.050317
0.0,29,3.054357
1.0,58,3.062438
1.0,27,3.066208
0.0,1,3.066355
0.0,7,3.067341
0.0,46,3.073752
0.0,17,3.076138
0.0,1,3.076285
0.0,77,3.087081
0.0,26,3.090705
1.0,31,3.095027
0.0,59,3.103289
0.0,172,3.127403
1.0,13,3.129231
1.0,18,3.131734
1.0,19,3.134374
0.0,28,3.138276
1.0,6,3.139111
0.0,7,3.140101
0.0,4,3.14066
0.0,34,3.145413
0.0,13,3.147233
1.0,6,3.148066
0.0,11,3.149607
1.0,106,3.164426
0.0,32,3.168886
0.0,38,3.174129
1.0,45,3.180396
0.0,2,3.181191
0.0,13,3.183078
1.0,36,3.188087
1.0,30,3.192246
0.0,50,3.199188
0.0,30,3.203361
1.0,60,3.211699
0.0,9,3.212963
0.0,34,3.217701
1.0,24,3.221033
0.0,15,3.223141
1.0,15,3.225234
0.0,67,3.234614
1.0,10,3.236023
0.0,13,3.237847
0.0,10,3.239248
0.0,4,3.239811
1.0,29,3.243823
1.0,17,3.246181
0.0,16,3.248402
0.0,61,3.256949
1.0,21,3.259857
1.0,6,3.260696
0.0,3,3.261114
0.0,154,3.282656
1.0,18,3.285149
0.0,10,3.286554
1.0,47,3.293123
0.0,20,3.295919
0.0,11,3.297465
1.0,8,3.29858
0.0,54,3.306155
0.0,97,3.319747
1.0,59,3.32798
1.0,22,3.331068
1.0,43,3.337044
0.0,1,3.337193
0.0,14,3.33915
0.0,14,3.341102
0.0,42,3.346931
0.0,51,3.354092
1.0,18,3.356588
1.0,18,3.359091
0.0,13,3.3609
0.0,102,3.375251
0.0,15,3.377354
1.0,31,3.381674
0.0,5,3.382369
0.0,28,3.386286
1.0,40,3.391864
0.0,32,3.396325
1.0,44,3.402449
0.0,41,3.408147
1.0,21,3.411064
1.0,23,3.414275
0.0,18,3.416757
1.0,279,3.455835
0.0,14,3.457795
1.0,20,3.46057
0.0,2,3.460859
0.0,26,3.464463
0.0,20,3.467235
0.0,6,3.468077
0.0,14,3.470024
0.0,103,3.484441
0.0,11,3.485986
0.0,22,3.489064
1.0,134,3.507736
0.0,46,3.514221
0.0,46,3.520885
1.0,21,3.523802
0.0,14,3.525743
0.0,33,3.530333
0.0,44,3.536475
0.0,2,3.536755
1.0,66,3.545932
0.0,17,3.548311
1.0,30,3.55245
1.0,11,3.553981
0.0,7,3.554961
0.0,133,3.573616
1.0,140,3.593158
0.0,28,3.597068
0.0,26,3.600693
0.0,18,3.603211
0.0,3,3.603637
0.0,11,3.60518
0.0,78,3.616093
0.0,43,3.622107
1.0,52,3.629358
1.0,105,3.643998
1.0,47,3.650561
0.0,9,3.651812
0.0,25,3.655298
0.0,2,3.655582
0.0,16,3.657826
0.0,32,3.662302
1.0,74,3.672597
1.0,77,3.683312
0.0,21,3.686246
0.0,65,3.695342
0.0,29,3.699381
0.0,13,3.701186
0.0,52,3.708444
1.0,34,3.713172
1.0,71,3.723092
0.0,83,3.734662
1.0,27,3.738434
0.0,17,3.740794
1.0,28,3.744692
1.0,4,3.745255
0.0,16,3.74752
0.0,34,3.752246
0.0,29,3.756304
1.0,3,3.756723
1.0,39,3.762148
0.0,32,3.766601
1.0,52,3.773852
0.0,150,3.794793
0.0,18,3.79731
0.0,1,3.797453
1.0,86,3.809426
1.0,38,3.814754
1.0,31,3.819058
0.0,4,3.819622
1.0,27,3.823374
1.0,79,3.834409
1.0,34,3.839146
1.0,79,3.850074
1.0,15,3.852162
1.0,32,3.856632
0.0,16,3.858866
0.0,26,3.862504
0.0,9,3.863769
0.0,8,3.86489
1.0,31,3.869195
0.0,25,3.872692
0.0,1,3.872838
1.0,35,3.877726
0.0,8,3.878851
0.0,23,3.88207
0.0,15,3.884173
1.0,15,3.886256
0.0,20,3.88906
0.0,35,3.893957
0.0,13,3.895777
0.0,8,3.896895
1.0,25,3.900356
0.0,38,3.905692
0.0,27,3.909452
0.0,15,3.911563
0.0,55,3.919243
0.0,29,3.9233
0.0,47,3.92985
1.0,18,3.93236
0.0,4,3.932926
0.0,16,3.935159
1.0,17,3.937514
1.0,37,3.942641
0.0,95,3.955954
0.0,71,3.965933
1.0,17,3.96829
0.0,13,3.970118
1.0,66,3.979306
0.0,9,3.980556
0.0,10,3.981938
1.0,34,3.986666
1.0,31,3.99099
0.0,5,3.991697
0.0,14,3.993654
1.0,32,3.998105
1.0,17,4.000461
0.0,11,4.002008
0.0,11,4.003545
0.0,2,4.003829
1.0,33,4.008428
0.0,18,4.010947
1.0,35,4.015804
1.0,19,4.018458
1.0,15,4.020551
0.0,23,4.023768
0.0,6,4.024608
1.0,14,4.026543
1.0,23,4.029727
0.0,33,4.034316
1.0,52,4.041537
1.0,23,4.04473
1.0,26,4.048342
0.0,16,4.050577
0.0,19,4.053217
1.0,42,4.059059
0.0,21,4.06197
0.0,55,4.069649
0.0,17,4.072015
1.0,20,4.074778
0.0,2,4.075066
0.0,14,4.077009
0.0,27,4.080751
1.0,36,4.085755
0.0,89,4.098255
0.0,3,4.09868
1.0,20,4.101468
0.0,24,4.104799
0.0,12,4.106468
0.0,58,4.114585
1.0,35,4.119442
1.0,9,4.120695
0.0,47,4.127226
0.0,4,4.127785
0.0,7,4.128765
0.0,31,4.133086
0.0,54,4.140613
0.0,77,4.151352
1.0,4,4.15191
0.0,2,4.152194
1.0,28,4.156077
0.0,87,4.16819
1.0,22,4.171257
1.0,51,4.178327
0.0,4,4.178893
1.0,98,4.192589
1.0,37,4.197732
1.0,60,4.206085
0.0,3,4.206507
0.0,31,4.210824
1.0,17,4.213188
0.0,78,4.224013
0.0,5,4.224716
0.0,8,4.225852
1.0,24,4.229208
0.0,10,4.230609
1.0,49,4.237475
0.0,7,4.238461
0.0,2,4.238743
0.0,40,4.244354
1.0,38,4.249636
0.0,6,4.250487
0.0,19,4.253151
1.0,36,4.258194
0.0,29,4.262229
1.0,61,4.270724
0.0,40,4.276301
1.0,44,4.282414
0.0,21,4.285335
0.0,161,4.307979
0.0,6,4.308825
1.0,19,4.311482
0.0,54,4.319015
1.0,34,4.32369
0.0,149,4.344487
1.0,106,4.359297
0.0,14,4.361255
1.0,48,4.367954
0.0,3,4.368372
0.0,17,4.370769
0.0,8,4.371899
0.0,30,4.376083
1.0,30,4.38027
1.0,3,4.380693
1.0,21,4.383623
0.0,8,4.384743
1.0,19,4.387402
1.0,105,4.402017
1.0,32,4.406491
0.0,26,4.410077
0.0,1,4.410219
0.0,23,4.413444
1.0,27,4.417187
0.0,41,4.422861
1.0,52,4.43011
1.0,58,4.438165
0.0,14,4.44013
0.0,14,4.442089
1.0,49,4.448938
0.0,49,4.455779
1.0,67,4.465153
0.0,9,4.466418
0.0,18,4.468935
1.0,28,4.47283
0.0,12,4.474508
0.0,66,4.483768
1.0,30,4.487956
0.0,22,4.491029
0.0,21,4.49396
0.0,101,4.508119
0.0,3,4.508546
0.0,9,4.509809
0.0,28,4.513707
0.0,11,4.515246
0.0,23,4.518519
0.0,39,4.524241
0.0,17,4.526624
0.0,33,4.531243
0.0,6,4.532089
0.0,109,4.547295
0.0,11,4.548838
0.0,213,4.578691
1.0,32,4.583146
0.0,24,4.586494
0.0,9,4.587751
0.0,23,4.590965
1.0,16,4.59321
0.0,31,4.597544
1.0,54,4.60505
0.0,27,4.608777
0.0,13,4.610599
0.0,27,4.614376
0.0,33,4.618996
0.0,19,4.621643
0.0,36,4.626685
1.0,19,4.629326
0.0,56,4.637141
0.0,24,4.640474
1.0,23,4.643671
1.0,18,4.646168
0.0,46,4.652596
0.0,17,4.654964
1.0,15,4.657056
1.0,19,4.659692
0.0,9,4.660952
1.0,23,4.664156
0.0,6,4.664992
1.0,23,4.668193
1.0,29,4.672228
0.0,17,4.674605
0.0,5,4.675302
0.0,1,4.675447
0.0,18,4.677962
0.0,329,4.724172
0.0,14,4.726144
1.0,29,4.730179
1.0,26,4.733786
0.0,28,4.737707
0.0,19,4.740366
0.0,21,4.743285
0.0,12,4.744964
0.0,25,4.748467
0.0,42,4.754338
0.0,59,4.76261
1.0,32,4.767061
0.0,12,4.768743
1.0,36,4.773742
0.0,5,4.774445
0.0,24,4.777801
0.0,15,4.7799
0.0,36,4.784932
1.0,26,4.788578
1.0,55,4.79625
0.0,25,4.799727
1.0,19,4.802362
1.0,21,4.805304
0.0,12,4.806982
0.0,9,4.808251
0.0,2,4.808534
0.0,16,4.810775
1.0,76,4.821474
0.0,13,4.823296
0.0,30,4.827473
0.0,9,4.828729
0.0,15,4.83083
0.0,51,4.837986
0.0,16,4.840222
0.0,22,4.843295
1.0,57,4.851241
1.0,128,4.869148
0.0,7,4.870138
1.0,26,4.873751
0.0,38,4.879075
0.0,1,4.879219
0.0,29,4.88328
1.0,48,4.889982
1.0,51,4.89708
0.0,54,4.904627
0.0,18,4.907145
1.0,22,4.910218
0.0,19,4.912874
1.0,36,4.917871
0.0,22,4.920963
0.0,35,4.925856
0.0,28,4.92975
0.0,33,4.934375
1.0,33,4.938975
1.0,42,4.94481
0.0,31,4.949126
0.0,36,4.954153
0.0,9,4.955413
0.0,9,4.956669
0.0,58,4.964758
0.0,79,4.975831
0.0,81,4.98711
0.0,14,4.989072
0.0,48,4.995793
0.0,9,4.997054
1.0,34,5.001773
0.0,28,5.005662
0.0,10,5.007065
0.0,10,5.008462
1.0,38,5.013717
0.0,25,5.017199
1.0,33,5.02176
0.0,112,5.037461
0.0,20,5.040247
1.0,19,5.042905
0.0,13,5.044719
0.0,17,5.04709
1.0,26,5.050717
1.0,103,5.065148
0.0,11,5.066705
0.0,34,5.071423
0.0,32,5.075895
1.0,45,5.08218
1.0,76,5.092749
0.0,23,5.095973
0.0,113,5.111771
1.0,26,5.115403
0.0,24,5.118754
0.0,229,5.150905
0.0,116,5.167075
0.0,75,5.177534
0.0,23,5.180748
0.0,62,5.189404
1.0,31,5.193744
0.0,69,5.203373
0.0,60,5.211738
0.0,25,5.215231
0.0,47,5.221778
0.0,53,5.229192
0.0,11,5.230733
0.0,22,5.233809
1.0,103,5.248114
0.0,31,5.252451
0.0,47,5.259012
0.0,20,5.261812
1.0,29,5.265833
1.0,42,5.271646
0.0,13,5.273475
0.0,40,5.27903
1.0,22,5.282085
0.0,40,5.287666
0.0,26,5.291298
0.0,95,5.304596
1.0,37,5.309693
0.0,26,5.313318
1.0,26,5.316937
0.0,124,5.334219
0.0,12,5.335903
1.0,20,5.338687
1.0,34,5.343406
1.0,83,5.354969
1.0,40,5.360523
0.0,17,5.362901
0.0,20,5.365672
0.0,22,5.368722
1.0,46,5.375128
0.0,6,5.375962
1.0,125,5.393492
0.0,4,5.394053
1.0,26,5.39768
0.0,1,5.397822
0.0,23,5.401029
0.0,41,5.406797
1.0,21,5.409719
1.0,44,5.415865
1.0,31,5.42018
1.0,81,5.43145
0.0,8,5.43258
1.0,8,5.43369
1.0,24,5.437024
0.0,4,5.437574
0.0,16,5.439812
0.0,4,5.440372
1.0,39,5.445758
0.0,28,5.44964
1.0,24,5.453004
0.0,27,5.456773
1.0,39,5.462197
0.0,49,5.468987
1.0,37,5.47417
1.0,58,5.482231
0.0,30,5.486413
0.0,20,5.489205
1.0,9,5.490455
1.0,100,5.504401
1.0,31,5.508683
0.0,11,5.510221
1.0,14,5.512169
1.0,111,5.527949
1.0,15,5.53004
1.0,29,5.534079
1.0,6,5.534922
0.0,4,5.535487
1.0,32,5.539947
0.0,12,5.541621
0.0,3,5.542048
1.0,31,5.546369
1.0,18,5.548865
0.0,24,5.552202
0.0,5,5.552897
0.0,10,5.554293
0.0,27,5.558053
0.0,1,5.558197
0.0,15,5.560291
1.0,17,5.56266
0.0,4,5.56322
0.0,6,5.564068
1.0,7,5.565043
1.0,27,5.568777
0.0,4,5.569337
0.0,17,5.571711
1.0,52,5.578938
0.0,7,5.579927
0.0,18,5.582445
0.0,48,5.589196
0.0,16,5.591436
0.0,12,5.593119
0.0,16,5.595359
0.0,81,5.606662
1.0,21,5.609593
1.0,21,5.612528
0.0,12,5.614203
0.0,12,5.615877
1.0,51,5.623035
1.0,8,5.62416
0.0,10,5.625569
0.0,29,5.629615
0.0,4,5.630181
0.0,22,5.633253
1.0,29,5.637289
0.0,43,5.64331
1.0,47,5.649863
0.0,47,5.656455
0.0,30,5.660625
1.0,37,5.66578
1.0,36,5.670801
0.0,16,5.673037
0.0,53,5.68039
0.0,18,5.682906
1.0,56,5.690693
1.0,11,5.692212
0.0,134,5.71094
0.0,13,5.712766
0.0,10,5.714166
0.0,11,5.715703
1.0,35,5.720556
1.0,34,5.725276
0.0,2,5.725567
1.0,28,5.729449
0.0,39,5.734916
0.0,81,5.746232
0.0,68,5.755736
0.0,25,5.759218
0.0,48,5.765944
0.0,32,5.770391
1.0,51,5.777487
0.0,3,5.777909
0.0,32,5.782387
1.0,116,5.798466
0.0,112,5.81415
0.0,40,5.819726
1.0,45,5.825992
0.0,39,5.83146
0.0,17,5.833818
0.0,37,5.838986
1.0,31,5.843309
0.0,46,5.849727
1.0,93,5.862733
0.0,46,5.869175
0.0,27,5.872957
0.0,15,5.875056
1.0,31,5.87938
0.0,15,5.881488
0.0,34,5.88624
1.0,147,5.906698
0.0,3,5.907129
1.0,39,5.912564
1.0,64,5.921437
0.0,10,5.922848
0.0,85,5.934694
0.0,16,5.936932
0.0,30,5.94112
0.0,16,5.943365
1.0,25,5.946831
1.0,71,5.956712
0.0,15,5.958812
1.0,31,5.963149
1.0,8,5.964267
0.0,22,5.967348
0.0,25,5.970826
0.0,3,5.971247
0.0,11,5.972789
0.0,2,5.973071
1.0,21,5.975992
0.0,140,5.995642
1.0,15,5.997741
0.0,19,6.000422
0.0,18,6.00295
0.0,1,6.003095
1.0,8,6.004213
0.0,27,6.007994
0.0,12,6.009683
0.0,12,6.011369
1.0,14,6.013319
1.0,12,6.014993
0.0,21,6.017913
0.0,3,6.01833
1.0,43,6.024334
0.0,44,6.030493
1.0,78,6.041414
0.0,1,6.041567
1.0,32,6.046017
1.0,11,6.047547
0.0,34,6.052257
0.0,15,6.054336
1.0,22,6.057389
1.0,5,6.058083
0.0,1,6.058231
0.0,150,6.079274
0.0,10,6.080683
1.0,6,6.081524
0.0,2,6.081808
0.0,18,6.084293
1.0,37,6.089451
1.0,39,6.094899
1.0,41,6.1006
0.0,42,6.106367
0.0,1,6.106511
0.0,8,6.107628
0.0,21,6.110566
0.0,15,6.112661
0.0,9,6.113917
0.0,42,6.119777
0.0,2,6.120061
0.0,89,6.132503
0.0,25,6.135985
1.0,12,6.137656
0.0,3,6.138076
0.0,185,6.16394
0.0,22,6.167008
0.0,8,6.168132
0.0,14,6.170088
0.0,113,6.185943
1.0,23,6.18915
1.0,53,6.196547
0.0,15,6.198638
0.0,32,6.203122
0.0,29,6.207168
1.0,15,6.209269
0.0,220,6.240117
0.0,30,6.24433
1.0,146,6.26479
1.0,30,6.268956
0.0,73,6.279148
0.0,20,6.281951
1.0,16,6.284182
0.0,38,6.289484
0.0,21,6.292426
0.0,33,6.297039
1.0,61,6.305566
1.0,32,6.310032
1.0,62,6.318644
0.0,13,6.32046
1.0,28,6.324322
1.0,36,6.329328
1.0,21,6.33224
0.0,16,6.334486
0.0,2,6.334763
1.0,25,6.338252
0.0,21,6.341177
0.0,20,6.34397
0.0,13,6.345792
1.0,89,6.358187
0.0,16,6.360431
0.0,155,6.382061
1.0,30,6.386237
1.0,91,6.398953
0.0,30,6.403123
0.0,34,6.407865
0.0,20,6.410656
1.0,11,6.412188
0.0,19,6.414824
1.0,82,6.426169
1.0,55,6.43382
0.0,3,6.434245
0.0,15,6.436345
0.0,6,6.437177
0.0,25,6.440642
1.0,23,6.443838
1.0,45,6.450121
0.0,17,6.452521
0.0,1,6.452666
0.0,8,6.453788
1.0,90,6.466304
0.0,38,6.471583
1.0,37,6.476727
1.0,23,6.479933
0.0,20,6.482695
0.0,29,6.486708
1.0,39,6.492116
0.0,33,6.496716
0.0,13,6.498539
1.0,43,6.504477
1.0,16,6.506701
1.0,27,6.510438
0.0,12,6.512121
0.0,12,6.513797
0.0,16,6.516026
0.0,25,6.519526
0.0,17,6.521898
0.0,65,6.531146
0.0,9,6.532416
1.0,63,6.541139
0.0,17,6.543509
1.0,34,6.548211
1.0,15,6.550312
1.0,21,6.55321
0.0,13,6.55502
0.0,15,6.557107
0.0,7,6.55809
1.0,8,6.559201
0.0,15,6.561286
0.0,15,6.563374
1.0,25,6.566835
0.0,25,6.570317
0.0,12,6.572004
0.0,23,6.575206
1.0,17,6.577571
1.0,19,6.580209
0.0,21,6.583121
0.0,13,6.584935
1.0,52,6.592208
1.0,21,6.595123
0.0,31,6.599414
0.0,9,6.600668
1.0,30,6.604849
1.0,7,6.605824
1.0,15,6.607899
0.0,57,6.615827
0.0,7,6.616811
0.0,8,6.617929
0.0,27,6.621691
0.0,58,6.629781
0.0,19,6.632434
0.0,206,6.661227
0.0,63,6.670022
0.0,18,6.672519
0.0,33,6.677126
1.0,51,6.684231
1.0,40,6.689793
0.0,12,6.691472
1.0,48,6.698155
1.0,20,6.700937
0.0,8,6.702054
0.0,30,6.706217
0.0,17,6.708599
1.0,19,6.711244
0.0,16,6.713487
0.0,30,6.717651
1.0,22,6.720709
0.0,23,6.723946
1.0,39,6.729353
0.0,24,6.732687
0.0,10,6.734079
0.0,24,6.737452
0.0,13,6.739274
0.0,13,6.741085
1.0,16,6.743321
0.0,64,6.752255
0.0,17,6.754628
0.0,7,6.755609
1.0,40,6.761132
0.0,52,6.768393
0.0,15,6.770486
0.0,14,6.772438
1.0,19,6.775054
0.0,70,6.784812
1.0,46,6.791249
0.0,31,6.795539
0.0,4,6.796096
0.0,74,6.806416
0.0,30,6.810579
0.0,16,6.812814
0.0,14,6.81477
0.0,159,6.836966
1.0,41,6.842667
0.0,18,6.845194
0.0,11,6.846736
1.0,24,6.850077
1.0,33,6.854695
0.0,28,6.858587
1.0,40,6.864125
1.0,29,6.868152
1.0,20,6.870955
1.0,34,6.87566
1.0,20,6.878446
0.0,8,6.879564
0.0,1,6.879708
0.0,8,6.88083
1.0,7,6.881803
1.0,12,6.883478
1.0,26,6.887072
0.0,2,6.88736
1.0,7,6.888332
0.0,18,6.890843
0.0,3,6.891268
0.0,47,6.89781
1.0,30,6.901991
1.0,40,6.907558
0.0,7,6.908545
0.0,31,6.912812
1.0,20,6.915605
0.0,13,6.917415
1.0,29,6.921471
0.0,9,6.922735
1.0,27,6.926482
0.0,13,6.928299
0.0,28,6.932198
0.0,28,6.936116
0.0,9,6.937384
0.0,64,6.946336
1.0,20,6.949115
0.0,11,6.950651
1.0,14,6.952595
0.0,39,6.958046
1.0,45,6.964281
0.0,16,6.966507
0.0,4,6.967068
0.0,83,6.97863
0.0,46,6.985264
0.0,19,6.987927
0.0,102,7.002162
0.0,227,7.033992
0.0,25,7.037523
0.0,22,7.040624
1.0,37,7.045771
0.0,11,7.047308
0.0,59,7.055538
0.0,42,7.061384
1.0,61,7.069867
0.0,12,7.071541
0.0,1,7.071685
0.0,178,7.096651
1.0,28,7.100513
0.0,14,7.102476
0.0,24,7.105832
0.0,44,7.111951
0.0,2,7.112236
1.0,33,7.116828
1.0,35,7.121723
0.0,19,7.124382
0.0,65,7.13346
0.0,39,7.138952
0.0,12,7.140631
0.0,1,7.140775
1.0,78,7.151734
1.0,43,7.157718
1.0,28,7.161618
0.0,51,7.168741
1.0,27,7.1725
1.0,10,7.173897
1.0,29,7.177923
0.0,9,7.179174
1.0,21,7.182127
1.0,3,7.182548
0.0,5,7.183253
0.0,29,7.187308
0.0,5,7.18801
0.0,80,7.199138
1.0,65,7.208193
0.0,80,7.219328
1.0,10,7.220727
0.0,1,7.220869
0.0,4,7.221435
1.0,36,7.226452
1.0,85,7.238295
0.0,1,7.238444
0.0,24,7.241781
1.0,103,7.256151
0.0,16,7.258393
1.0,66,7.267574
0.0,23,7.270776
0.0,33,7.275369
0.0,4,7.275933
1.0,55,7.283608
1.0,45,7.289893
0.0,11,7.291427
0.0,17,7.293799
1.0,123,7.31096
0.0,42,7.316855
0.0,10,7.318255
1.0,92,7.331093
0.0,46,7.337535
1.0,29,7.341583
0.0,6,7.34242
0.0,1,7.342563
0.0,43,7.34859
1.0,35,7.353453
0.0,17,7.355832
0.0,19,7.358493
1.0,67,7.367856
1.0,39,7.373293
1.0,175,7.397846
0.0,9,7.399109
0.0,102,7.413428
0.0,154,7.434984
0.0,19,7.437651
0.0,60,7.446063
1.0,18,7.44858
1.0,20,7.451337
0.0,41,7.457034
1.0,129,7.475032
1.0,75,7.485505
1.0,44,7.49164
0.0,1,7.491784
1.0,54,7.499323
0.0,16,7.50157
0.0,4,7.502132
0.0,22,7.50518
1.0,21,7.508076
0.0,15,7.510176
0.0,57,7.518171
0.0,89,7.530536
0.0,5,7.531236
1.0,97,7.5451
0.0,3,7.545524
0.0,31,7.549848
1.0,32,7.554306
0.0,50,7.561254
1.0,23,7.564446
0.0,11,7.565978
1.0,22,7.569022
0.0,5,7.569716
0.0,14,7.57166
0.0,70,7.581431
1.0,16,7.583663
1.0,32,7.588113
1.0,29,7.592128
0.0,204,7.620492
0.0,2,7.620779
1.0,20,7.623553
0.0,7,7.624533
0.0,5,7.625233
1.0,148,7.645885
1.0,17,7.648253
0.0,5,7.648955
0.0,18,7.651464
0.0,18,7.653979
0.0,4,7.654541
0.0,12,7.656207
0.0,8,7.657311
0.0,4,7.657874
1.0,56,7.665687
0.0,17,7.668056
0.0,2,7.668338
1.0,32,7.672769
0.0,3,7.673191
0.0,12,7.674867
0.0,28,7.678763
0.0,25,7.682244
1.0,36,7.687266
0.0,1,7.687416
0.0,12,7.689098
0.0,43,7.695093
0.0,12,7.696755
0.0,2,7.697041
0.0,40,7.702648
0.0,29,7.706708
0.0,33,7.711333
1.0,40,7.716872
0.0,17,7.719238
0.0,10,7.720631
0.0,2,7.720914
0.0,7,7.721904
0.0,35,7.726738
0.0,1,7.726882
1.0,7,7.727858
0.0,15,7.729959
0.0,37,7.735119
1.0,19,7.737787
1.0,10,7.739183
1.0,22,7.742245
0.0,76,7.752834
0.0,50,7.759801
1.0,31,7.76413
0.0,23,7.767334
0.0,130,7.78548
1.0,89,7.797901
0.0,5,7.798608
0.0,23,7.801808
0.0,22,7.804847
1.0,17,7.807218
0.0,117,7.82354
1.0,35,7.82837
0.0,16,7.830607
1.0,37,7.835761
0.0,34,7.840532
0.0,16,7.842765
1.0,27,7.846504
0.0,269,7.883979
1.0,79,7.895009
0.0,55,7.902676
1.0,59,7.910906
1.0,27,7.914678
0.0,27,7.918447
1.0,45,7.924715
0.0,81,7.936001
1.0,101,7.950094
0.0,6,7.950937
1.0,78,7.961781
0.0,27,7.965544
0.0,22,7.968611
0.0,64,7.977575
1.0,75,7.988039
0.0,17,7.990393
0.0,57,7.998343
1.0,27,8.002081
1.0,20,8.004866
0.0,20,8.007661
1.0,44,8.013798
0.0,8,8.01491
1.0,13,8.016721
0.0,7,8.01769
0.0,9,8.018945
1.0,53,8.026329
0.0,19,8.028985
1.0,34,8.033733
1.0,4,8.03429
1.0,9,8.035546
0.0,4,8.03611
0.0,12,8.037807
1.0,83,8.049373
0.0,2,8.049656
0.0,13,8.051476
0.0,19,8.054099
1.0,22,8.057135
0.0,11,8.058662
0.0,9,8.059923
0.0,4,8.060483
0.0,56,8.068296
1.0,9,8.069548
0.0,10,8.07095
1.0,50,8.077861
1.0,48,8.084527
0.0,4,8.08509
0.0,12,8.086763
0.0,19,8.089423
0.0,7,8.090405
1.0,36,8.095446
1.0,74,8.105758
0.0,115,8.121761
1.0,31,8.126053
1.0,26,8.129671
1.0,23,8.132869
0.0,3,8.133293
0.0,29,8.137339
0.0,2,8.137621
1.0,31,8.141921
1.0,79,8.152885
1.0,45,8.159153
0.0,56,8.16693
0.0,14,8.168903
0.0,25,8.17239
0.0,7,8.173378
1.0,17,8.175756
1.0,38,8.181043
0.0,12,8.18273
0.0,145,8.20293
0.0,5,8.203635
0.0,13,8.205457
1.0,16,8.207682
0.0,21,8.210625
0.0,15,8.212733
0.0,10,8.214136
0.0,4,8.214698
0.0,51,8.22182
1.0,79,8.232809
1.0,16,8.235067
0.0,28,8.238949
1.0,34,8.243683
0.0,13,8.245489
0.0,7,8.24647
0.0,30,8.250651
0.0,20,8.253444
0.0,85,8.265251
0.0,52,8.272515
1.0,133,8.291066
1.0,42,8.296936
0.0,59,8.305185
0.0,61,8.313665
0.0,12,8.315318
0.0,8,8.316438
1.0,35,8.321313
0.0,5,8.322021
0.0,62,8.330616
1.0,52,8.337865
0.0,72,8.347871
0.0,14,8.34981
0.0,14,8.35175
0.0,7,8.352734
1.0,34,8.35746
0.0,8,8.358585
0.0,14,8.360547
0.0,4,8.361108
0.0,39,8.36658
1.0,13,8.368384
0.0,24,8.371726
0.0,9,8.372983
0.0,2,8.373265
0.0,16,8.375495
0.0,25,8.379065
1.0,37,8.38421
1.0,32,8.388664
0.0,6,8.38951
1.0,203,8.417673
1.0,31,8.422008
0.0,65,8.43112
1.0,14,8.433114
0.0,93,8.4461
1.0,49,8.452918
0.0,19,8.455576
0.0,30,8.459755
0.0,114,8.475608
0.0,13,8.477422
0.0,65,8.486494
0.0,17,8.488921
0.0,1,8.489068
0.0,50,8.496066
0.0,21,8.499043
1.0,38,8.504356
0.0,48,8.511054
1.0,18,8.513562
1.0,21,8.516492
0.0,9,8.517759
0.0,18,8.520279
0.0,3,8.520703
1.0,17,8.523079
0.0,4,8.523637
0.0,39,8.529092
0.0,12,8.530771
0.0,23,8.534011
1.0,45,8.540582
0.0,2,8.540866
0.0,14,8.542833
1.0,64,8.551764
0.0,11,8.553315
1.0,46,8.559673
1.0,44,8.565802
0.0,7,8.566787
1.0,33,8.571356
0.0,29,8.57541
1.0,23,8.578624
0.0,15,8.580722
0.0,12,8.582401
0.0,13,8.584217
1.0,16,8.586444
0.0,7,8.587424
1.0,27,8.591146
0.0,10,8.592557
1.0,15,8.594645
1.0,28,8.598521
0.0,11,8.600064
0.0,56,8.60789
1.0,17,8.610269
1.0,28,8.614158
0.0,14,8.616119
0.0,16,8.618356
1.0,69,8.627976
0.0,9,8.62926
1.0,38,8.634528
0.0,16,8.63677
1.0,103,8.65113
1.0,15,8.653227
0.0,7,8.654217
0.0,12,8.655894
1.0,15,8.657988
0.0,31,8.662263
0.0,25,8.665761
0.0,8,8.666883
0.0,57,8.674819
0.0,4,8.67538
0.0,12,8.677056
0.0,15,8.679143
1.0,17,8.681518
0.0,49,8.688348
0.0,64,8.69729
1.0,172,8.721318
0.0,12,8.723008
1.0,102,8.737278
0.0,15,8.73938
0.0,19,8.742048
0.0,28,8.745954
0.0,15,8.748046
1.0,33,8.752601
0.0,48,8.759221
0.0,7,8.7602
1.0,39,8.76561
0.0,26,8.769197
1.0,37,8.774322
0.0,12,8.776007
1.0,25,8.779488
1.0,26,8.78309
0.0,11,8.784617
0.0,5,8.785313
0.0,13,8.787134
0.0,60,8.795509
0.0,28,8.799413
0.0,36,8.804444
1.0,35,8.809309
0.0,26,8.812916
0.0,7,8.813897
1.0,60,8.822243
1.0,18,8.824756
1.0,17,8.827122
0.0,16,8.829382
0.0,32,8.833833
1.0,12,8.835501
0.0,15,8.837593
0.0,14,8.839538
1.0,40,8.845076
0.0,9,8.846335
1.0,58,8.854371
0.0,1,8.854513
0.0,6,8.855354
1.0,12,8.857027
0.0,12,8.858692
0.0,2,8.858972
0.0,12,8.860651
1.0,34,8.865366
0.0,11,8.8669
0.0,11,8.868436
1.0,32,8.872894
0.0,2,8.873174
0.0,11,8.874713
0.0,20,8.877491
0.0,8,8.878605
0.0,35,8.883485
0.0,28,8.88736
0.0,32,8.891815
1.0,67,8.901168
1.0,24,8.904502
0.0,8,8.905618
0.0,29,8.909657
0.0,73,8.919836
0.0,7,8.920815
0.0,49,8.9276
0.0,32,8.932049
1.0,72,8.942015
0.0,15,8.944103
0.0,6,8.94494
1.0,27,8.948665
0.0,34,8.953413
1.0,101,8.967375
0.0,2,8.96766
0.0,95,8.980894
1.0,147,9.001349
1.0,9,9.002617
1.0,29,9.006642
0.0,29,9.010631
0.0,26,9.014248
1.0,28,9.018105
0.0,9,9.01936
0.0,44,9.025511
1.0,15,9.027588
0.0,10,9.028984
0.0,2,9.029267
0.0,70,9.038973
1.0,3,9.039391
1.0,63,9.048121
1.0,16,9.050346
0.0,58,9.058404
1.0,6,9.059234
0.0,1,9.059377
0.0,27,9.063147
1.0,31,9.067467
1.0,49,9.074295
0.0,22,9.07737
0.0,1,9.077514
0.0,40,9.082992
1.0,49,9.089838
1.0,44,9.095976
0.0,81,9.107226
0.0,12,9.108891
0.0,4,9.109449
0.0,20,9.11224
0.0,39,9.117657
0.0,14,9.1196
0.0,32,9.12405
1.0,140,9.143519
0.0,13,9.145326
0.0,6,9.14616
1.0,22,9.149229
0.0,2,9.149516
1.0,88,9.16173
0.0,31,9.166058
1.0,13,9.167863
1.0,85,9.179707
0.0,37,9.184868
0.0,71,9.194756
1.0,39,9.200168
1.0,96,9.213489
0.0,3,9.213912
0.0,13,9.215722
0.0,82,9.227167
1.0,52,9.2344
0.0,7,9.235383
0.0,15,9.23747
0.0,17,9.239839
0.0,15,9.241925
1.0,58,9.249979
1.0,86,9.2619
0.0,18,9.264412
0.0,9,9.265679
0.0,12,9.267361
0.0,89,9.279766
0.0,19,9.282418
0.0,51,9.289537
0.0,9,9.290798
0.0,37,9.295965
0.0,54,9.303501
1.0,91,9.316176
1.0,26,9.319754
0.0,13,9.321571
0.0,15,9.323669
1.0,25,9.327136
0.0,12,9.328819
0.0,79,9.339821
0.0,20,9.342618
1.0,18,9.345121
0.0,6,9.345962
0.0,70,9.355718
1.0,23,9.358921
0.0,23,9.362129
0.0,2,9.362415
0.0,15,9.364512
1.0,30,9.368686
0.0,49,9.375527
1.0,35,9.380351
0.0,40,9.38593
0.0,45,9.392187
0.0,22,9.395259
0.0,5,9.39596
0.0,63,9.404757
0.0,9,9.40601
1.0,34,9.410748
1.0,41,9.416465
0.0,145,9.436757
0.0,21,9.439694
0.0,6,9.440537
1.0,57,9.448476
0.0,34,9.453229
1.0,36,9.458252
0.0,6,9.459092
0.0,12,9.460774
0.0,21,9.463707
1.0,23,9.466902
0.0,9,9.468168
1.0,26,9.471784
0.0,11,9.473323
0.0,28,9.477229
1.0,18,9.479734
1.0,21,9.482658
0.0,11,9.484211
1.0,16,9.486442
0.0,33,9.491036
0.0,4,9.491605
0.0,130,9.509687
0.0,57,9.517646
0.0,18,9.520161
0.0,18,9.52267
0.0,174,9.547132
0.0,70,9.556908
1.0,51,9.563998
1.0,20,9.566769
0.0,37,9.571897
1.0,66,9.581103
0.0,62,9.589739
0.0,18,9.592246
0.0,19,9.594864
1.0,7,9.595835
0.0,5,9.596541
1.0,19,9.599187
0.0,2,9.599469
0.0,2,9.599752
0.0,56,9.607566
0.0,9,9.608826
0.0,23,9.612031
1.0,21,9.614943
0.0,32,9.619429
1.0,42,9.62528
0.0,32,9.62975
0.0,6,9.630592
0.0,59,9.638802
0.0,18,9.641307
0.0,9,9.642569
0.0,18,9.645086
0.0,39,9.650546
1.0,45,9.656795
0.0,19,9.659434
0.0,21,9.662363
1.0,225,9.693866
0.0,17,9.696249
0.0,20,9.699032
1.0,98,9.712678
0.0,60,9.721032
0.0,3,9.721461
0.0,38,9.726733
0.0,26,9.730358
1.0,112,9.745977
1.0,28,9.749883
0.0,7,9.750869
0.0,2,9.751154
1.0,20,9.753908
0.0,2,9.754192
0.0,64,9.763104
0.0,25,9.766596
0.0,4,9.767157
0.0,10,9.768561
0.0,9,9.769812
1.0,14,9.771847
0.0,2,9.772132
1.0,68,9.781566
0.0,12,9.783266
0.0,25,9.786755
1.0,35,9.791641
0.0,41,9.797368
0.0,21,9.800296
1.0,16,9.802529
0.0,31,9.806892
0.0,30,9.811095
0.0,2,9.81138
0.0,1,9.811524
1.0,73,9.821747
0.0,8,9.822873
0.0,48,9.829583
0.0,4,9.830148
0.0,6,9.830993
0.0,50,9.837986
0.0,161,9.860346
1.0,42,9.866194
1.0,68,9.875675
0.0,48,9.8824
0.0,4,9.882963
0.0,27,9.886737
1.0,25,9.890247
0.0,9,9.891506
0.0,31,9.895832
1.0,53,9.903223
0.0,8,9.904345
0.0,34,9.909085
0.0,17,9.911466
0.0,2,9.911751
1.0,30,9.915936
0.0,35,9.920815
0.0,28,9.924732
0.0,33,9.929326
1.0,18,9.931829
0.0,1,9.931977
0.0,51,9.93909
0.0,4,9.939656
1.0,22,9.942726
1.0,45,9.948992
0.0,45,9.955272
0.0,2,9.955556
1.0,13,9.957371
0.0,3,9.957793
1.0,77,9.96848
1.0,34,9.973211
1.0,24,9.976544
0.0,5,9.977244
0.0,12,9.978921
0.0,32,9.983394
1.0,16,9.985595
1.0,21,9.988523
0.0,85,10.000423
0.0,2,10.000709
0.0,28,10.004618
0.0,26,10.008247
0.0,13,10.010067
0.0,48,10.016782
0.0,1,10.016929
0.0,14,10.018879
0.0,9,10.020124
1.0,50,10.027082
0.0,93,10.040081
0.0,6,10.040919
0.0,11,10.04246
1.0,37,10.047615
0.0,17,10.049993
0.0,21,10.052925
0.0,51,10.060028
0.0,17,10.062414
1.0,73,10.072553
0.0,23,10.075791
0.0,58,10.083893
0.0,5,10.084589
0.0,3,10.085023
0.0,4,10.085584
0.0,37,10.090719
1.0,27,10.094488
1.0,15,10.096589
0.0,33,10.10115
0.0,139,10.120531
1.0,42,10.126391
0.0,57,10.134312
0.0,11,10.135847
0.0,57,10.14379
0.0,9,10.145052
1.0,91,10.157719
0.0,11,10.159254
0.0,4,10.159817
0.0,75,10.170243
0.0,1,10.170388
0.0,9,10.171647
0.0,34,10.176381
0.0,22,10.179449
1.0,22,10.182507
0.0,9,10.183765
0.0,92,10.196551
0.0,21,10.199482
1.0,48,10.206129
0.0,13,10.207944
0.0,76,10.218513
1.0,45,10.224767
1.0,40,10.230322
1.0,24,10.233623
0.0,23,10.236839
1.0,130,10.25494
0.0,17,10.257327
1.0,14,10.259281
0.0,22,10.262357
1.0,22,10.265433
1.0,182,10.29098
0.0,10,10.29241
0.0,38,10.297699
1.0,12,10.299379
1.0,19,10.302
1.0,29,10.306033
0.0,10,10.307432
1.0,15,10.309521
1.0,22,10.312578
1.0,46,10.318987
0.0,40,10.324551
0.0,7,10.325533
0.0,19,10.328186
0.0,22,10.331254
0.0,9,10.332524
1.0,173,10.356769
0.0,4,10.357344
0.0,7,10.358326
0.0,5,10.359032
0.0,18,10.361551
0.0,23,10.364762
0.0,21,10.367701
0.0,23,10.370888
1.0,32,10.375356
0.0,14,10.377317
0.0,139,10.39676
1.0,126,10.414321
1.0,19,10.41697
0.0,2,10.417262
0.0,11,10.418805
0.0,24,10.42216
0.0,17,10.424535
1.0,72,10.434606
0.0,1,10.43476
0.0,4,10.435327
1.0,9,10.436588
1.0,80,10.447769
1.0,14,10.449715
0.0,3,10.450137
1.0,31,10.454463
1.0,14,10.456422
1.0,11,10.457948
0.0,26,10.461562
0.0,1,10.461708
1.0,5,10.462408
1.0,19,10.465044
0.0,3,10.465473
1.0,90,10.478038
1.0,24,10.481394
0.0,3,10.481824
1.0,68,10.491295
0.0,52,10.498563
0.0,24,10.50192
0.0,16,10.50416
0.0,14,10.506116
0.0,13,10.507934
0.0,8,10.509055
0.0,26,10.512691
0.0,82,10.524119
0.0,144,10.544248
0.0,40,10.549848
1.0,33,10.554453
0.0,24,10.557794
1.0,7,10.558771
1.0,14,10.560731
0.0,26,10.564361
0.0,24,10.567703
1.0,11,10.569242
0.0,18,10.571763
0.0,4,10.572326
0.0,23,10.575543
1.0,16,10.577771
0.0,27,10.581534
1.0,55,10.589213
0.0,6,10.590056
0.0,9,10.591317
0.0,9,10.592584
1.0,14,10.59455
0.0,80,10.605748
1.0,64,10.614619
1.0,60,10.622957
0.0,13,10.624783
1.0,69,10.634328
1.0,30,10.6385
0.0,1,10.638643
0.0,34,10.643371
0.0,13,10.645183
1.0,23,10.648373
1.0,36,10.653362
0.0,12,10.655037
0.0,22,10.658097
1.0,37,10.663273
1.0,28,10.667169
0.0,18,10.669693
0.0,26,10.673312
0.0,7,10.674296
0.0,19,10.676948
0.0,33,10.681553
0.0,18,10.684064
1.0,11,10.685598
1.0,25,10.689052
0.0,21,10.691992
0.0,23,10.695183
0.0,72,10.705234
1.0,66,10.714391
1.0,27,10.718142
0.0,17,10.720501
1.0,45,10.726756
0.0,7,10.727732
0.0,6,10.728573
0.0,11,10.730131
0.0,2,10.730415
0.0,14,10.732377
1.0,15,10.73449
0.0,15,10.73657
1.0,16,10.738803
0.0,13,10.74062
0.0,14,10.742579
0.0,17,10.744951
1.0,24,10.748264
0.0,76,10.758782
1.0,14,10.760725
0.0,24,10.764042
0.0,12,10.765715
1.0,47,10.772196
0.0,23,10.775384
0.0,10,10.77678
0.0,14,10.778728
1.0,11,10.780263
0.0,30,10.784399
0.0,29,10.788408
0.0,6,10.789237
0.0,18,10.79175
0.0,2,10.792035
1.0,50,10.798885
1.0,20,10.801684
1.0,22,10.804708
1.0,20,10.807479
0.0,25,10.810897
1.0,29,10.814879
1.0,16,10.8171
0.0,18,10.819592
0.0,15,10.821673
1.0,29,10.825693
1.0,15,10.827768
1.0,14,10.8297
0.0,16,10.831927
1.0,23,10.835109
1.0,19,10.837724
0.0,58,10.84574
0.0,2,10.846021
1.0,29,10.850029
0.0,20,10.852805
1.0,35,10.857686
0.0,12,10.85935
1.0,14,10.861298
1.0,13,10.863099
0.0,16,10.865338
0.0,50,10.872246
1.0,12,10.873917
1.0,48,10.880531
1.0,15,10.882609
0.0,28,10.886461
0.0,9,10.887714
0.0,18,10.890227
0.0,9,10.891495
0.0,25,10.89498
0.0,15,10.897064
1.0,19,10.899715
0.0,37,10.904864
0.0,21,10.907788
1.0,60,10.916118
0.0,11,10.917651
0.0,8,10.918769
0.0,25,10.922253
0.0,10,10.923646
0.0,17,10.926013
0.0,34,10.930739
0.0,2,10.931037
0.0,20,10.933822
1.0,56,10.941619
1.0,18,10.944116
0.0,23,10.947264
1.0,14,10.94921
0.0,13,10.951024
0.0,16,10.953252
0.0,25,10.956695
0.0,18,10.959205
1.0,23,10.962403
1.0,20,10.965166
0.0,73,10.975296
0.0,3,10.975718
1.0,23,10.9789
1.0,35,10.983753
0.0,36,10.988742
0.0,11,10.990275
1.0,25,10.993739
0.0,14,10.99569
0.0,45,11.001945
1.0,77,11.012576
0.0,17,11.014929
0.0,4,11.015486
0.0,16,11.017703
0.0,3,11.018113
1.0,42,11.02389
1.0,27,11.027629
0.0,214,11.0574
1.0,10,11.058801
1.0,50,11.065763
0.0,15,11.067859
0.0,11,11.069392
0.0,21,11.072325
1.0,9,11.073573
0.0,14,11.075523
0.0,54,11.083044
0.0,49,11.089882
0.0,19,11.092536
0.0,29,11.096583
0.0,6,11.097424
1.0,140,11.116928
0.0,6,11.117767
0.0,16,11.120007
1.0,79,11.130974
1.0,14,11.132933
1.0,16,11.135159
0.0,51,11.142278
0.0,45,11.148545
0.0,45,11.154809
1.0,19,11.157432
1.0,67,11.16687
0.0,11,11.168406
0.0,27,11.172177
0.0,4,11.172741
0.0,80,11.183944
1.0,165,11.206935
1.0,17,11.209345
0.0,3,11.209771
0.0,5,11.210475
0.0,24,11.213836
0.0,4,11.214397
1.0,20,11.217181
1.0,23,11.220384
0.0,103,11.234734
0.0,2,11.235024
1.0,4,11.235581
0.0,9,11.236838
0.0,50,11.24387
0.0,58,11.251946
1.0,66,11.261225
0.0,19,11.263877
0.0,61,11.272436
0.0,19,11.275096
0.0,3,11.275521
1.0,15,11.277604
0.0,9,11.27886
0.0,13,11.280677
0.0,67,11.290017
1.0,58,11.298106
0.0,63,11.3069
0.0,20,11.309693
0.0,112,11.325285
0.0,10,11.326687
0.0,28,11.330572
1.0,68,11.340051
0.0,7,11.341034
0.0,13,11.342855
0.0,20,11.345644
1.0,53,11.353024
0.0,1,11.353167
1.0,51,11.360284
0.0,5,11.360984
1.0,38,11.366258
1.0,13,11.368071
0.0,17,11.37045
0.0,46,11.376853
1.0,28,11.380757
0.0,11,11.382296
0.0,38,11.387597
0.0,94,11.400638
0.0,23,11.403844
1.0,6,11.404684
1.0,117,11.420949
0.0,9,11.422217
0.0,52,11.429495
0.0,4,11.43006
0.0,15,11.432149
1.0,56,11.439932
0.0,8,11.441057
0.0,16,11.443299
0.0,15,11.4454
0.0,32,11.449876
1.0,21,11.452788
0.0,24,11.45614
1.0,27,11.459867
0.0,12,11.461553
0.0,2,11.461838
0.0,32,11.466312
1.0,29,11.470324
0.0,28,11.47426
1.0,23,11.477447
0.0,18,11.479955
1.0,28,11.483852
0.0,46,11.490277
1.0,29,11.494326
0.0,13,11.496142
1.0,39,11.501564
0.0,6,11.5024
0.0,12,11.504086
0.0,31,11.508402
1.0,31,11.512688
0.0,62,11.521323
0.0,4,11.521888
0.0,20,11.524689
1.0,44,11.530757
0.0,10,11.532158
0.0,78,11.543025
0.0,9,11.544282
0.0,9,11.545542
0.0,14,11.547498
0.0,13,11.549313
1.0,14,11.551406
1.0,19,11.554212
1.0,57,11.562129
1.0,13,11.563944
0.0,10,11.565344
0.0,15,11.567432
0.0,13,11.569239
1.0,7,11.570202
0.0,11,11.571746
0.0,49,11.578566
0.0,18,11.58107
1.0,41,11.586748
1.0,5,11.587444
0.0,19,11.590111
1.0,161,11.61255
1.0,10,11.613951
0.0,12,11.615623
0.0,26,11.619247
0.0,35,11.624051
0.0,1,11.624191
1.0,13,11.626005
0.0,2,11.62629
0.0,10,11.627694
1.0,14,11.629654
0.0,13,11.631485
0.0,92,11.644368
0.0,78,11.655287
1.0,14,11.657236
1.0,31,11.661561
0.0,17,11.663924
0.0,16,11.666152
0.0,11,11.667699
0.0,4,11.668261
0.0,27,11.672045
0.0,44,11.678189
1.0,24,11.681539
0.0,37,11.686683
0.0,17,11.689054
0.0,4,11.689619
0.0,23,11.692825
1.0,38,11.698084
1.0,14,11.700028
0.0,22,11.7031
1.0,24,11.706444
0.0,4,11.707005
1.0,17,11.709353
1.0,23,11.712506
0.0,2,11.712792
0.0,27,11.71656
0.0,29,11.72062
0.0,69,11.73018
1.0,19,11.732815
1.0,48,11.73949
0.0,7,11.74047
1.0,86,11.752403
1.0,36,11.757412
1.0,12,11.759081
1.0,59,11.767266
0.0,16,11.769481
0.0,31,11.773781
1.0,13,11.775584
0.0,27,11.779329
0.0,5,11.780022
1.0,36,11.785019
1.0,53,11.79243
0.0,1,11.792581
0.0,38,11.797842
1.0,15,11.799937
1.0,16,11.802164
1.0,18,11.804654
0.0,14,11.806602
1.0,23,11.809775
0.0,5,11.810483
0.0,7,11.811449
0.0,6,11.812279
0.0,2,11.812564
1.0,22,11.815603
0.0,13,11.817401
0.0,89,11.829822
0.0,11,11.831363
0.0,33,11.83596
0.0,21,11.838871
0.0,39,11.844305
1.0,15,11.846369
0.0,38,11.851654
0.0,4,11.852219
1.0,44,11.858258
1.0,23,11.861465
1.0,16,11.863703
0.0,7,11.864689
0.0,9,11.865934
1.0,17,11.868291
1.0,43,11.874274
0.0,24,11.877612
0.0,30,11.881773
1.0,28,11.885682
0.0,11,11.887211
0.0,19,11.889869
0.0,84,11.901545
0.0,59,11.909736
0.0,9,11.910995
0.0,37,11.916124
0.0,34,11.920865
1.0,21,11.923778
1.0,29,11.927783
0.0,2,11.928066
0.0,48,11.934709
1.0,29,11.938731
0.0,26,11.942354
1.0,46,11.948706
0.0,23,11.951908
1.0,14,11.953855
1.0,30,11.958017
1.0,23,11.961216
0.0,10,11.962613
1.0,19,11.965237
0.0,4,11.965796
0.0,37,11.970922
1.0,98,11.984563
1.0,14,11.98651
0.0,9,11.987763
0.0,49,11.994612
0.0,14,11.996561
0.0,11,11.998094
1.0,80,12.009234
0.0,12,12.010903
0.0,10,12.012302
1.0,6,12.013137
1.0,26,12.01676
0.0,30,12.020944
0.0,19,12.023601
0.0,1,12.023743
0.0,29,12.027779
0.0,4,12.028341
0.0,71,12.038218
0.0,29,12.042258
1.0,131,12.060525
0.0,4,12.06109
0.0,19,12.063755
0.0,25,12.067241
0.0,44,12.073374
1.0,32,12.077807
0.0,14,12.079765
1.0,38,12.085035
1.0,76,12.095645
1.0,26,12.099257
0.0,24,12.102582
1.0,29,12.106611
0.0,34,12.111351
1.0,28,12.115227
1.0,26,12.118846
0.0,25,12.122311
1.0,19,12.124962
0.0,25,12.128446
0.0,15,12.130535
0.0,7,12.131517
1.0,30,12.135685
0.0,28,12.139586
0.0,1,12.139726
1.0,19,12.142356
1.0,25,12.145811
1.0,12,12.147478
0.0,15,12.1496
1.0,18,12.152095
0.0,29,12.156148
1.0,21,12.159062
0.0,19,12.161716
0.0,9,12.162976
1.0,92,12.17576
0.0,9,12.177023
0.0,24,12.180365
0.0,17,12.182725
0.0,17,12.185103
0.0,34,12.189824
0.0,29,12.193841
1.0,33,12.198415
1.0,18,12.200914
1.0,22,12.203967
0.0,11,12.205515
1.0,23,12.208698
1.0,8,12.209825
0.0,2,12.210107
0.0,21,12.213035
1.0,16,12.215258
0.0,16,12.217497
0.0,69,12.227114
0.0,4,12.227678
0.0,2,12.227963
1.0,12,12.229629
0.0,17,12.231991
0.0,36,12.236977
1.0,29,12.241013
1.0,29,12.24504
0.0,7,12.246019
0.0,64,12.254926
1.0,11,12.256461
1.0,22,12.259523
0.0,20,12.262308
0.0,17,12.264668
0.0,31,12.268987
1.0,13,12.270789
1.0,31,12.275083
0.0,11,12.276627
0.0,17,12.278998
0.0,13,12.280808
0.0,14,12.282769
0.0,29,12.286796
1.0,13,12.2886
1.0,12,12.290273
0.0,28,12.294143
0.0,103,12.308558
1.0,36,12.313591
1.0,50,12.320574
1.0,21,12.323507
1.0,58,12.331601
1.0,34,12.336328
1.0,14,12.338283
0.0,9,12.339543
0.0,25,12.343032
1.0,17,12.345406
0.0,13,12.347224
0.0,13,12.349037
0.0,23,12.352257
1.0,34,12.35699
0.0,13,12.358818
0.0,62,12.367458
0.0,34,12.372179
0.0,25,12.37566
0.0,14,12.377608
0.0,7,12.378606
0.0,17,12.380979
1.0,21,12.383914
0.0,24,12.387243
1.0,18,12.389752
1.0,31,12.394072
1.0,14,12.396033
1.0,23,12.399221
1.0,24,12.402541
0.0,18,12.405044
0.0,17,12.407393
0.0,9,12.408655
0.0,191,12.4353
0.0,16,12.437527
1.0,14,12.439483
0.0,35,12.444369
0.0,23,12.447576
0.0,16,12.449804
1.0,21,12.452741
1.0,12,12.454415
0.0,15,12.456494
0.0,2,12.456775
0.0,16,12.459014
1.0,60,12.467364
0.0,32,12.471828
0.0,8,12.472948
1.0,14,12.4749
0.0,43,12.480898
0.0,43,12.48691
0.0,15,12.489027
0.0,24,12.492398
1.0,30,12.49656
0.0,37,12.501723
0.0,87,12.513938
1.0,18,12.516433
1.0,17,12.518789
0.0,19,12.521417
0.0,12,12.523101
0.0,2,12.523386
0.0,24,12.526732
1.0,33,12.531329
0.0,14,12.533293
0.0,8,12.53441
0.0,21,12.537346
0.0,6,12.538188
0.0,19,12.540834
0.0,2,12.541112
0.0,10,12.542518
0.0,16,12.544747
0.0,96,12.558505
0.0,10,12.559907
1.0,17,12.562285
0.0,64,12.571218
1.0,173,12.59529
1.0,25,12.598759
1.0,16,12.600988
0.0,3,12.601413
0.0,16,12.603655
0.0,8,12.604768
1.0,21,12.607671
0.0,2,12.607951
0.0,10,12.609384
0.0,5,12.610087
0.0,7,12.611071
0.0,13,12.612886
0.0,18,12.615404
0.0,17,12.61777
0.0,20,12.620572
0.0,10,12.622017
0.0,20,12.624796
0.0,12,12.626481
1.0,20,12.629259
0.0,8,12.63039
0.0,22,12.633466
1.0,49,12.640308
0.0,30,12.644535
1.0,14,12.646488
0.0,80,12.657535
1.0,22,12.660591
0.0,7,12.661573
0.0,49,12.6684
0.0,20,12.671187
0.0,4,12.671779
1.0,18,12.674315
0.0,30,12.678509
0.0,16,12.680748
0.0,74,12.691066
1.0,110,12.70647
0.0,5,12.707173
0.0,27,12.710959
1.0,11,12.712495
0.0,16,12.714754
0.0,20,12.717551
0.0,38,12.722865
1.0,6,12.7237
1.0,30,12.727886
0.0,27,12.731655
0.0,99,12.745577
1.0,104,12.760077
1.0,55,12.767752
1.0,30,12.771951
1.0,153,12.793256
1.0,23,12.79645
0.0,28,12.800349
0.0,33,12.804949
0.0,14,12.806888
1.0,18,12.809384
0.0,7,12.810366
0.0,22,12.813457
0.0,28,12.817357
1.0,20,12.820146
1.0,12,12.821812
0.0,19,12.82446
0.0,54,12.832011
1.0,42,12.837854
0.0,1,12.837998
1.0,55,12.845682
0.0,49,12.852512
1.0,16,12.854745
1.0,10,12.856145
0.0,16,12.858381
0.0,36,12.863388
0.0,1,12.863526
1.0,10,12.864918
0.0,12,12.86658
0.0,18,12.869099
0.0,2,12.869384
0.0,28,12.873291
1.0,20,12.876069
0.0,10,12.877468
1.0,35,12.88233
1.0,50,12.889292
0.0,28,12.893182
0.0,86,12.905226
0.0,8,12.906348
1.0,4,12.906905
0.0,20,12.909669
0.0,20,12.91246
1.0,9,12.913707
0.0,32,12.918171
0.0,7,12.919153
0.0,17,12.921524
1.0,32,12.925955
0.0,5,12.926652
0.0,19,12.929305
0.0,50,12.936263
0.0,8,12.937384
0.0,6,12.938217
1.0,54,12.945733
1.0,48,12.952423
0.0,26,12.956053
1.0,23,12.959249
0.0,4,12.959811
0.0,46,12.966223
1.0,16,12.968451
0.0,12,12.970149
0.0,37,12.975288
0.0,86,12.98723
0.0,1,12.987374
0.0,103,13.001693
1.0,9,13.002944
1.0,149,13.023678
1.0,59,13.031938
0.0,10,13.033336
0.0,88,13.045628
0.0,88,13.057887
0.0,18,13.060406
1.0,80,13.071577
0.0,48,13.078281
1.0,52,13.085529
1.0,59,13.093764
0.0,81,13.105082
1.0,51,13.112178
0.0,18,13.114674
0.0,59,13.122906
1.0,14,13.124861
1.0,25,13.128338
0.0,21,13.131273
0.0,21,13.13421
0.0,5,13.134909
0.0,8,13.13603
0.0,3,13.136453
1.0,43,13.142466
1.0,11,13.144009
0.0,6,13.144852
1.0,83,13.156445
1.0,18,13.158986
0.0,190,13.185517
1.0,41,13.191234
0.0,83,13.202841
1.0,32,13.207299
0.0,27,13.21107
0.0,16,13.213317
1.0,40,13.218911
1.0,124,13.236294
0.0,66,13.245532
1.0,63,13.254342
0.0,29,13.258355
1.0,53,13.265715
0.0,56,13.273527
1.0,37,13.278657
0.0,5,13.279353
0.0,10,13.280752
1.0,7,13.281724
0.0,25,13.285213
0.0,10,13.286618
0.0,16,13.288852
1.0,6,13.289689
1.0,79,13.300706
0.0,24,13.304044
0.0,3,13.304466
0.0,6,13.305309
0.0,36,13.310324
0.0,44,13.316469
0.0,10,13.317861
1.0,142,13.337662
0.0,6,13.338508
0.0,8,13.339628
0.0,65,13.3487
0.0,1,13.348845
0.0,35,13.353722
0.0,61,13.36225
0.0,44,13.368412
1.0,20,13.371205
0.0,11,13.372743
0.0,54,13.380279
0.0,16,13.382522
1.0,30,13.386681
1.0,81,13.397963
0.0,96,13.411357
0.0,7,13.412335
0.0,11,13.413874
0.0,100,13.427819
1.0,64,13.436748
1.0,49,13.44354
1.0,15,13.445626
0.0,4,13.446193
0.0,29,13.450229
1.0,28,13.454132
1.0,43,13.460117
1.0,54,13.467629
1.0,47,13.474183
1.0,119,13.490787
0.0,6,13.49163
0.0,11,13.493164
0.0,35,13.498054
1.0,36,13.503085
0.0,65,13.512174
0.0,62,13.520821
1.0,41,13.526467
1.0,32,13.530941
1.0,29,13.53499
1.0,15,13.537081
0.0,16,13.539319
0.0,17,13.541667
1.0,47,13.548186
1.0,33,13.552769
0.0,3,13.553184
1.0,27,13.556948
1.0,13,13.558751
0.0,13,13.560566
0.0,96,13.574287
0.0,92,13.587128
1.0,55,13.594807
0.0,8,13.595929
0.0,4,13.596491
0.0,35,13.601351
0.0,70,13.611108
0.0,9,13.612373
0.0,36,13.617399
1.0,50,13.624382
0.0,66,13.633592
1.0,28,13.637476
1.0,63,13.64623
0.0,26,13.64984
0.0,46,13.656235
0.0,12,13.657914
0.0,15,13.660007
0.0,34,13.66474
0.0,72,13.674761
1.0,36,13.679774
0.0,51,13.686838
0.0,20,13.689626
1.0,29,13.693674
0.0,43,13.699639
0.0,51,13.70672
1.0,62,13.715359
1.0,8,13.716463
1.0,31,13.720767
0.0,22,13.723841
0.0,48,13.730522
0.0,7,13.731495
0.0,25,13.73497
0.0,48,13.741638
0.0,42,13.747486
0.0,40,13.753056
1.0,38,13.758331
0.0,70,13.768108
1.0,12,13.769785
1.0,18,13.772296
0.0,16,13.774512
0.0,1,13.774654
1.0,65,13.783644
1.0,21,13.786558
1.0,63,13.795311
0.0,82,13.806711
0.0,22,13.809766
1.0,29,13.813788
0.0,4,13.81434
1.0,152,13.83537
0.0,21,13.838316
1.0,42,13.844165
1.0,28,13.848058
1.0,105,13.862664
0.0,3,13.863094
1.0,12,13.864767
0.0,165,13.887674
0.0,93,13.900655
0.0,24,13.904012
1.0,91,13.916712
1.0,104,13.931231
0.0,219,13.961903
