#{"t_start": 1717863657.867594, "env_id": "Mordor-v0"}
r,l,t
0.0,36,0.012205
0.0,26,0.020515
0.0,30,0.029645
0.0,3,0.030552
0.0,21,0.036802
0.0,24,0.043612
0.0,14,0.047575
0.0,6,0.049336
0.0,56,0.065495
0.0,8,0.067861
0.0,20,0.073727
0.0,26,0.081248
0.0,75,0.102728
0.0,23,0.109648
0.0,57,0.126272
0.0,41,0.138374
0.0,39,0.149811
0.0,35,0.158904
1.0,47,0.172168
0.0,39,0.182974
0.0,70,0.203079
0.0,20,0.208959
0.0,72,0.230128
1.0,8,0.232299
0.0,7,0.234375
0.0,6,0.236117
0.0,55,0.252232
0.0,34,0.262014
0.0,46,0.275334
0.0,30,0.283702
0.0,65,0.302529
0.0,11,0.305652
1.0,107,0.336797
0.0,18,0.342021
0.0,40,0.353878
0.0,5,0.355374
0.0,6,0.35714
0.0,96,0.384959
0.0,33,0.394662
1.0,83,0.418655
0.0,9,0.421327
0.0,64,0.440271
0.0,69,0.460215
0.0,23,0.467078
0.0,52,0.48233
0.0,44,0.494911
0.0,62,0.513164
0.0,68,0.533413
0.0,25,0.540765
0.0,230,0.608935
0.0,41,0.621124
0.0,32,0.630695
0.0,87,0.656607
0.0,67,0.676381
0.0,34,0.686278
0.0,76,0.708844
0.0,124,0.745699
0.0,36,0.756304
0.0,57,0.773205
0.0,73,0.794759
0.0,3,0.795668
0.0,61,0.813865
0.0,103,0.844126
0.0,4,0.845257
0.0,12,0.848685
0.0,32,0.858116
0.0,50,0.872742
0.0,141,0.913779
0.0,9,0.916004
0.0,113,0.949449
0.0,49,0.963963
0.0,9,0.966541
0.0,118,1.001423
0.0,427,1.128109
1.0,29,1.136371
0.0,33,1.146205
0.0,171,1.196926
0.0,56,1.212523
1.0,52,1.226714
0.0,108,1.25861
1.0,6,1.260354
0.0,131,1.299127
0.0,38,1.310394
1.0,15,1.314427
0.0,27,1.322308
0.0,89,1.348467
0.0,99,1.378079
0.0,6,1.379806
0.0,35,1.389646
0.0,3,1.390519
0.0,11,1.393686
0.0,167,1.442245
0.0,178,1.495051
0.0,5,1.496545
0.0,62,1.515012
0.0,54,1.531103
0.0,39,1.542632
0.0,5,1.544127
0.0,23,1.550918
0.0,38,1.562163
0.0,23,1.568982
0.0,128,1.607193
1.0,63,1.6256
0.0,108,1.657574
0.0,7,1.659677
0.0,27,1.66773
0.0,5,1.669218
0.0,20,1.67516
0.0,25,1.682636
0.0,51,1.697881
0.0,26,1.705593
0.0,45,1.718851
0.0,35,1.729226
0.0,9,1.731892
1.0,55,1.747274
0.0,174,1.799347
0.0,12,1.802918
0.0,239,1.874031
0.0,268,1.952741
1.0,12,1.955929
0.0,20,1.961831
1.0,49,1.974733
0.0,4,1.97611
0.0,6,1.977925
0.0,38,1.988879
0.0,135,2.02796
0.0,57,2.043903
0.0,34,2.053461
0.0,81,2.077357
0.0,34,2.086566
0.0,213,2.149484
0.0,37,2.160519
0.0,16,2.165332
0.0,107,2.197396
0.0,65,2.21683
0.0,257,2.29338
0.0,13,2.297243
0.0,15,2.301706
1.0,58,2.318451
0.0,55,2.334742
0.0,101,2.364615
0.0,37,2.375633
0.0,5,2.377129
0.0,47,2.390943
1.0,42,2.403069
0.0,4,2.404209
0.0,14,2.408338
1.0,34,2.418131
0.0,90,2.44482
1.0,42,2.457162
0.0,13,2.460985
0.0,34,2.47098
0.0,8,2.473218
0.0,4,2.474411
0.0,4,2.475638
0.0,66,2.495293
0.0,4,2.496496
0.0,26,2.50413
0.0,15,2.508607
0.0,20,2.514589
0.0,155,2.560946
0.0,18,2.566321
0.0,41,2.578405
0.0,44,2.591297
0.0,54,2.606348
0.0,6,2.608061
0.0,7,2.610108
0.0,23,2.616909
0.0,25,2.624192
0.0,114,2.657901
0.0,47,2.67136
1.0,33,2.68071
0.0,51,2.695171
0.0,6,2.696726
0.0,19,2.701727
0.0,129,2.739919
0.0,43,2.752666
0.0,3,2.753569
0.0,19,2.759183
0.0,18,2.764513
1.0,32,2.773833
0.0,98,2.803073
0.0,10,2.80597
1.0,27,2.813814
0.0,40,2.825561
0.0,2,2.826162
1.0,41,2.837683
0.0,174,2.888946
0.0,47,2.902813
1.0,18,2.907466
0.0,23,2.914285
0.0,3,2.915182
0.0,178,2.977092
0.0,102,3.00831
0.0,32,3.017883
0.0,30,3.026811
0.0,26,3.034621
1.0,35,3.04477
0.0,76,3.067447
0.0,36,3.078218
0.0,25,3.085688
1.0,35,3.095219
0.0,115,3.129694
0.0,11,3.132587
0.0,21,3.138883
1.0,45,3.150959
0.0,13,3.15474
0.0,29,3.162636
0.0,3,3.163524
0.0,38,3.17349
0.0,5,3.174848
0.0,35,3.184933
0.0,19,3.190211
1.0,24,3.196424
0.0,64,3.215226
0.0,64,3.234194
0.0,41,3.246251
0.0,32,3.255729
0.0,74,3.27766
0.0,7,3.279616
0.0,56,3.29583
0.0,9,3.298288
0.0,9,3.300689
0.0,8,3.303085
0.0,45,3.316611
1.0,71,3.337178
0.0,45,3.350604
0.0,3,3.351506
0.0,7,3.353583
0.0,87,3.379423
0.0,73,3.401305
0.0,31,3.410599
0.0,140,3.452618
0.0,65,3.47187
1.0,125,3.508289
0.0,90,3.534924
0.0,11,3.538117
0.0,20,3.543871
0.0,21,3.550077
0.0,9,3.552514
0.0,15,3.556933
0.0,36,3.567613
0.0,19,3.573182
0.0,2,3.573784
0.0,14,3.577967
0.0,56,3.59462
0.0,33,3.604454
0.0,45,3.617776
0.0,119,3.652962
0.0,7,3.655014
0.0,6,3.656696
0.0,3,3.657509
0.0,12,3.661076
0.0,17,3.665856
0.0,29,3.674344
0.0,6,3.676093
0.0,3,3.676989
0.0,9,3.679662
0.0,25,3.68704
0.0,302,3.777441
0.0,7,3.779564
0.0,9,3.78225
0.0,7,3.784315
0.0,97,3.813157
0.0,13,3.817117
0.0,40,3.829305
0.0,74,3.850805
0.0,83,3.875136
0.0,10,3.878111
0.0,32,3.887618
0.0,6,3.889403
0.0,4,3.890608
0.0,17,3.895671
1.0,76,3.91796
0.0,83,3.942596
0.0,110,3.97554
0.0,13,3.979423
0.0,97,4.008756
0.0,52,4.024325
0.0,46,4.037991
0.0,4,4.039191
1.0,79,4.062456
0.0,79,4.086258
0.0,40,4.098256
0.0,49,4.113015
0.0,5,4.114509
0.0,72,4.136043
0.0,61,4.154082
0.0,29,4.162726
0.0,27,4.170739
0.0,20,4.1766
0.0,48,4.190748
0.0,72,4.212261
0.0,37,4.223312
0.0,104,4.253784
0.0,24,4.260989
0.0,16,4.265733
0.0,91,4.292857
0.0,67,4.312816
1.0,49,4.327262
0.0,63,4.346042
0.0,3,4.346946
1.0,56,4.363492
0.0,43,4.376113
0.0,5,4.37761
1.0,50,4.392406
0.0,54,4.407567
0.0,179,4.460902
1.0,85,4.486121
0.0,51,4.50117
0.0,12,4.504733
1.0,34,4.514411
0.0,89,4.540696
0.0,11,4.543968
1.0,15,4.548267
0.0,26,4.555979
0.0,31,4.565151
0.0,23,4.571593
0.0,32,4.580985
0.0,16,4.585145
1.0,105,4.615916
0.0,21,4.621573
0.0,108,4.653588
0.0,4,4.654679
1.0,180,4.707667
0.0,56,4.724382
0.0,21,4.730422
1.0,103,4.760193
1.0,157,4.804852
0.0,10,4.807633
0.0,4,4.808771
0.0,13,4.812357
0.0,9,4.814917
0.0,9,4.817575
0.0,16,4.822107
1.0,22,4.828532
0.0,30,4.837245
0.0,88,4.863277
0.0,28,4.871603
0.0,263,4.949419
0.0,21,4.955643
1.0,24,4.962414
0.0,33,4.972163
0.0,81,4.996204
0.0,6,4.997904
0.0,89,5.024412
1.0,106,5.05545
1.0,139,5.095268
0.0,3,5.096091
1.0,86,5.120872
0.0,120,5.155905
0.0,36,5.165643
0.0,33,5.173962
0.0,9,5.176664
0.0,18,5.181937
0.0,5,5.183321
0.0,4,5.184396
0.0,6,5.186101
0.0,147,5.229496
0.0,60,5.247062
0.0,57,5.263916
0.0,2,5.264511
0.0,81,5.288423
0.0,16,5.293163
0.0,7,5.295054
0.0,6,5.296685
0.0,51,5.311796
0.0,19,5.316713
0.0,3,5.317523
0.0,8,5.319589
0.0,80,5.342733
0.0,10,5.34553
0.0,4,5.346689
0.0,70,5.366953
1.0,5,5.36824
0.0,15,5.372142
0.0,54,5.386036
0.0,3,5.386879
0.0,11,5.389884
0.0,8,5.392171
0.0,35,5.402116
1.0,128,5.43944
0.0,103,5.469938
0.0,28,5.478265
0.0,30,5.48619
0.0,32,5.495439
0.0,51,5.510212
0.0,83,5.53431
0.0,287,5.619317
0.0,37,5.62975
0.0,32,5.639104
0.0,50,5.653763
0.0,52,5.668217
0.0,186,5.722688
0.0,31,5.731484
0.0,5,5.732904
0.0,67,5.752751
1.0,59,5.770043
0.0,8,5.772196
1.0,22,5.778014
0.0,4,5.779106
0.0,7,5.781027
0.0,30,5.78954
0.0,8,5.791758
0.0,20,5.7977
0.0,24,5.804877
0.0,3,5.805692
0.0,5,5.807116
0.0,42,5.81911
0.0,42,5.831618
0.0,79,5.854262
1.0,69,5.874168
0.0,43,5.887227
0.0,6,5.888983
0.0,23,5.895856
1.0,17,5.900287
1.0,10,5.902851
0.0,14,5.90694
0.0,17,5.91198
0.0,16,5.916125
1.0,11,5.919053
0.0,24,5.925363
0.0,10,5.928364
0.0,27,5.936452
0.0,232,6.004626
0.0,16,6.009422
1.0,20,6.015286
0.0,18,6.02049
0.0,17,6.025461
1.0,19,6.031051
0.0,29,6.039651
0.0,24,6.046813
0.0,111,6.079815
1.0,123,6.115672
1.0,20,6.121189
0.0,33,6.13088
0.0,242,6.203532
0.0,23,6.210133
0.0,56,6.225572
0.0,77,6.248676
0.0,93,6.275629
0.0,25,6.283043
0.0,36,6.293692
0.0,55,6.309766
1.0,92,6.336945
0.0,171,6.387966
1.0,22,6.394321
0.0,12,6.397908
0.0,17,6.402968
1.0,35,6.412805
0.0,62,6.431415
1.0,27,6.439113
1.0,31,6.447577
0.0,136,6.486632
0.0,12,6.490239
0.0,22,6.496746
0.0,35,6.507161
0.0,15,6.511454
0.0,7,6.513553
0.0,17,6.518638
0.0,9,6.521237
1.0,33,6.530773
0.0,43,6.543699
0.0,92,6.570703
0.0,18,6.575998
0.0,17,6.581077
0.0,22,6.587662
0.0,10,6.590655
0.0,10,6.593637
0.0,6,6.595295
0.0,18,6.600604
0.0,5,6.602073
0.0,13,6.605667
0.0,3,6.606569
1.0,15,6.610792
0.0,64,6.629975
0.0,76,6.652666
0.0,46,6.665789
0.0,75,6.688225
0.0,7,6.690244
0.0,23,6.696946
0.0,298,6.786089
1.0,16,6.790167
0.0,17,6.794225
0.0,9,6.796711
0.0,4,6.797907
0.0,10,6.800676
0.0,22,6.806921
0.0,5,6.808322
0.0,46,6.821685
0.0,20,6.82743
0.0,3,6.828329
0.0,21,6.834587
0.0,143,6.877111
0.0,68,6.89732
1.0,28,6.90542
0.0,71,6.925899
1.0,34,6.935925
0.0,15,6.940103
0.0,36,6.95084
0.0,9,6.95333
1.0,9,6.955814
0.0,9,6.958326
0.0,3,6.959229
1.0,29,6.967698
0.0,11,6.970832
0.0,9,6.973357
0.0,40,6.985289
0.0,4,6.986499
0.0,94,7.014569
0.0,44,7.027532
0.0,24,7.034598
0.0,3,7.035504
0.0,3,7.036407
0.0,24,7.043587
0.0,21,7.049921
0.0,49,7.064049
0.0,59,7.08175
0.0,14,7.085978
0.0,86,7.111521
0.0,11,7.114824
0.0,56,7.130867
1.0,103,7.160697
0.0,77,7.183572
1.0,61,7.201498
0.0,35,7.211934
0.0,27,7.219947
0.0,108,7.252223
0.0,48,7.266526
0.0,47,7.280615
0.0,76,7.303335
1.0,31,7.312041
0.0,28,7.32013
1.0,25,7.326809
0.0,10,7.329496
0.0,16,7.333944
0.0,15,7.337907
0.0,10,7.340529
0.0,25,7.347401
0.0,18,7.352077
0.0,3,7.352976
0.0,6,7.354558
0.0,18,7.359703
1.0,23,7.365533
0.0,34,7.37527
0.0,4,7.37647
1.0,15,7.380266
0.0,27,7.388024
0.0,4,7.389222
0.0,10,7.391898
0.0,30,7.400581
0.0,3,7.401419
0.0,26,7.40913
0.0,7,7.411102
0.0,7,7.413075
1.0,28,7.420296
0.0,3,7.421193
0.0,5,7.422653
0.0,11,7.425796
0.0,32,7.434553
0.0,27,7.441854
0.0,4,7.443042
0.0,41,7.454843
0.0,36,7.465555
1.0,9,7.467901
0.0,23,7.474158
0.0,6,7.475934
1.0,10,7.478658
0.0,9,7.481134
0.0,3,7.481971
0.0,13,7.485788
0.0,40,7.497326
0.0,63,7.515936
0.0,16,7.520496
0.0,13,7.52413
0.0,53,7.539191
1.0,12,7.542471
0.0,15,7.546851
0.0,6,7.548508
0.0,7,7.55046
0.0,61,7.568122
0.0,10,7.570974
0.0,6,7.572669
0.0,2,7.573241
0.0,12,7.576788
1.0,24,7.583244
0.0,3,7.584141
0.0,13,7.588008
0.0,43,7.60053
1.0,29,7.608362
1.0,9,7.610771
0.0,15,7.615038
0.0,7,7.616914
1.0,9,7.61919
0.0,2,7.619714
0.0,8,7.621942
0.0,20,7.627551
0.0,19,7.632497
1.0,54,7.646976
0.0,8,7.649017
0.0,4,7.650149
0.0,36,7.659254
0.0,13,7.662566
1.0,8,7.664585
0.0,14,7.668168
0.0,23,7.674004
1.0,6,7.675519
1.0,39,7.685345
0.0,46,7.69716
0.0,2,7.697727
1.0,27,7.704804
0.0,9,7.707436
0.0,26,7.714626
0.0,8,7.716839
0.0,21,7.722082
0.0,15,7.726038
0.0,42,7.736776
1.0,18,7.741565
0.0,10,7.744313
0.0,11,7.747207
0.0,2,7.747804
0.0,108,7.779826
0.0,72,7.800732
1.0,20,7.806148
1.0,16,7.810412
0.0,27,7.817316
1.0,14,7.820969
0.0,23,7.826995
0.0,3,7.827826
0.0,14,7.83201
0.0,7,7.834034
0.0,29,7.842659
0.0,22,7.84861
0.0,21,7.854891
1.0,99,7.883788
1.0,38,7.89473
0.0,2,7.895346
0.0,16,7.899796
1.0,22,7.906013
1.0,37,7.91568
0.0,10,7.918498
0.0,287,8.004088
1.0,27,8.011633
0.0,22,8.017526
1.0,16,8.021867
0.0,3,8.022767
0.0,287,8.108225
1.0,32,8.117281
0.0,29,8.125734
0.0,64,8.144332
1.0,19,8.14904
0.0,27,8.156632
0.0,7,8.158722
0.0,11,8.161598
0.0,6,8.163245
0.0,10,8.165702
0.0,2,8.166273
0.0,12,8.169865
0.0,99,8.199053
0.0,93,8.226866
0.0,9,8.229225
0.0,46,8.242426
0.0,4,8.243576
0.0,5,8.245063
1.0,30,8.25303
1.0,36,8.262848
0.0,7,8.264799
0.0,17,8.269813
0.0,25,8.27716
1.0,14,8.280839
1.0,15,8.284911
0.0,20,8.290568
0.0,25,8.297672
0.0,25,8.304769
0.0,151,8.349097
0.0,18,8.353991
1.0,30,8.362437
0.0,11,8.365385
0.0,36,8.374536
1.0,46,8.387211
0.0,26,8.394498
0.0,15,8.398866
0.0,50,8.41347
0.0,8,8.41569
0.0,54,8.431701
0.0,17,8.436558
1.0,84,8.460846
1.0,21,8.466662
0.0,14,8.470524
1.0,30,8.478817
0.0,8,8.481001
0.0,30,8.489829
1.0,9,8.492207
0.0,37,8.502688
0.0,7,8.504588
0.0,2,8.505188
0.0,17,8.509989
0.0,11,8.51292
1.0,28,8.520653
1.0,8,8.52291
0.0,11,8.52597
0.0,19,8.53074
1.0,34,8.540299
0.0,49,8.553921
0.0,7,8.555772
1.0,6,8.557481
1.0,47,8.569737
0.0,7,8.571549
0.0,19,8.576728
1.0,22,8.582818
0.0,15,8.586765
0.0,9,8.58918
0.0,36,8.599834
0.0,29,8.60777
1.0,14,8.611445
0.0,31,8.620291
0.0,37,8.630744
1.0,156,8.676998
0.0,18,8.682287
0.0,21,8.688435
0.0,5,8.689904
0.0,5,8.691395
0.0,33,8.700852
0.0,32,8.708989
1.0,121,8.742044
0.0,3,8.742942
1.0,39,8.753816
0.0,25,8.76068
1.0,15,8.764696
1.0,17,8.769362
1.0,89,8.793579
0.0,23,8.800066
1.0,32,8.808774
0.0,3,8.809627
0.0,72,8.831247
0.0,37,8.842007
0.0,16,8.846805
0.0,13,8.850598
0.0,27,8.858704
0.0,125,8.895698
0.0,8,8.897954
1.0,56,8.913604
0.0,37,8.924753
0.0,10,8.927609
0.0,12,8.930724
0.0,16,8.934975
1.0,14,8.938563
0.0,8,8.940755
0.0,14,8.944491
1.0,33,8.953293
1.0,22,8.959177
0.0,36,8.970028
0.0,63,8.986316
1.0,35,8.995321
1.0,42,9.005996
0.0,9,9.008487
0.0,12,9.011919
0.0,12,9.015467
0.0,86,9.039433
1.0,28,9.047102
0.0,30,9.05532
0.0,9,9.0578
0.0,17,9.062581
0.0,21,9.068774
1.0,14,9.072796
0.0,18,9.07786
1.0,38,9.088748
1.0,13,9.092139
0.0,3,9.093041
0.0,63,9.111834
0.0,11,9.114897
1.0,21,9.12098
0.0,28,9.129304
1.0,55,9.145097
0.0,5,9.146649
0.0,13,9.15081
0.0,52,9.16818
0.0,15,9.172587
0.0,40,9.183984
0.0,4,9.185084
0.0,29,9.193623
0.0,22,9.199824
0.0,15,9.203763
0.0,12,9.207002
0.0,13,9.210774
0.0,5,9.212196
0.0,33,9.221512
0.0,37,9.231862
0.0,22,9.238035
0.0,28,9.246156
1.0,111,9.278743
0.0,21,9.284908
0.0,10,9.287618
0.0,54,9.303714
0.0,108,9.33467
1.0,181,9.387405
0.0,41,9.399396
0.0,36,9.409593
0.0,35,9.419781
0.0,32,9.42895
1.0,29,9.436615
0.0,9,9.439042
0.0,18,9.443888
0.0,12,9.447426
0.0,5,9.448811
0.0,203,9.509207
0.0,52,9.524829
0.0,32,9.534359
0.0,230,9.602757
0.0,109,9.63493
0.0,56,9.651568
0.0,67,9.671262
1.0,23,9.677485
0.0,14,9.680991
1.0,39,9.691142
1.0,13,9.694583
0.0,6,9.696139
0.0,15,9.700149
0.0,15,9.70425
1.0,18,9.70922
1.0,24,9.715531
0.0,15,9.719553
0.0,36,9.729368
0.0,86,9.754136
0.0,13,9.757659
0.0,22,9.764107
0.0,62,9.782534
1.0,39,9.793906
1.0,23,9.800382
1.0,89,9.825973
1.0,11,9.828874
0.0,9,9.831225
1.0,81,9.853463
0.0,5,9.854815
1.0,45,9.86688
0.0,32,9.876236
0.0,34,9.885589
0.0,10,9.888135
0.0,23,9.894981
1.0,170,9.945537
0.0,11,9.948498
0.0,16,9.953013
0.0,20,9.958364
0.0,2,9.95896
0.0,14,9.962941
1.0,9,9.965399
1.0,15,9.969623
1.0,23,9.975991
0.0,16,9.980661
1.0,17,9.98508
0.0,10,9.987607
0.0,5,9.989044
0.0,5,9.99051
0.0,74,10.011609
0.0,3,10.012613
0.0,25,10.020221
0.0,129,10.058719
0.0,11,10.061749
1.0,15,10.065994
0.0,34,10.075229
1.0,136,10.115243
0.0,8,10.117339
0.0,3,10.118154
1.0,68,10.13812
0.0,5,10.139539
0.0,359,10.244277
0.0,28,10.251995
0.0,3,10.252869
0.0,3,10.253748
1.0,29,10.261499
1.0,25,10.268574
0.0,9,10.271017
0.0,10,10.273601
0.0,4,10.274771
0.0,13,10.27833
0.0,6,10.280092
1.0,72,10.301007
0.0,7,10.302821
0.0,54,10.318647
1.0,28,10.325961
0.0,33,10.33524
0.0,74,10.357095
1.0,41,10.369042
0.0,15,10.373288
0.0,5,10.374693
1.0,52,10.389902
0.0,147,10.432967
0.0,187,10.488051
1.0,29,10.495979
0.0,26,10.503174
0.0,81,10.525446
0.0,7,10.527343
0.0,18,10.532286
1.0,11,10.535239
0.0,5,10.536726
0.0,113,10.570411
1.0,9,10.572885
1.0,18,10.577573
0.0,8,10.579678
0.0,31,10.588716
0.0,21,10.59466
1.0,10,10.597218
1.0,48,10.610128
0.0,36,10.619828
0.0,9,10.622308
0.0,5,10.623682
1.0,16,10.627684
0.0,3,10.628599
0.0,17,10.633681
0.0,5,10.635125
0.0,30,10.643108
0.0,47,10.657021
0.0,145,10.699603
1.0,82,10.722929
0.0,9,10.725251
1.0,30,10.733571
0.0,14,10.737122
0.0,11,10.740057
1.0,13,10.743328
0.0,7,10.745377
0.0,12,10.748686
1.0,15,10.752422
0.0,8,10.754559
0.0,10,10.7573
0.0,9,10.759751
0.0,61,10.776802
0.0,40,10.788667
1.0,31,10.797163
0.0,17,10.802132
0.0,33,10.811884
0.0,19,10.817123
0.0,5,10.818618
0.0,145,10.861222
0.0,92,10.888524
0.0,71,10.909363
0.0,4,10.910479
1.0,44,10.922495
0.0,21,10.928704
0.0,8,10.931083
0.0,7,10.933183
0.0,38,10.943873
0.0,46,10.957159
0.0,33,10.966675
0.0,12,10.970083
0.0,25,10.976627
0.0,120,11.011977
1.0,28,11.020154
0.0,12,11.02355
0.0,10,11.026101
1.0,136,11.06571
0.0,11,11.068783
0.0,16,11.072953
0.0,63,11.091191
0.0,26,11.098616
0.0,13,11.102166
0.0,54,11.117526
0.0,16,11.122233
0.0,21,11.128358
1.0,182,11.181538
0.0,9,11.184171
0.0,58,11.201074
0.0,6,11.202675
0.0,17,11.20771
0.0,6,11.209451
0.0,295,11.297891
0.0,33,11.307784
0.0,79,11.33134
0.0,46,11.345088
0.0,29,11.353708
0.0,52,11.369072
0.0,43,11.381183
0.0,16,11.385851
1.0,64,11.404746
0.0,36,11.415162
0.0,4,11.416341
1.0,21,11.421985
0.0,283,11.506069
0.0,249,11.579939
0.0,32,11.589376
0.0,157,11.636232
0.0,161,11.683617
0.0,12,11.686638
0.0,16,11.691155
0.0,19,11.696647
0.0,20,11.702474
0.0,3,11.703375
0.0,24,11.710562
0.0,31,11.719614
0.0,105,11.750669
0.0,48,11.764719
0.0,4,11.765907
0.0,10,11.768682
0.0,8,11.771081
0.0,9,11.773554
0.0,284,11.857935
1.0,83,11.881147
0.0,38,11.892081
0.0,9,11.894717
0.0,59,11.912512
0.0,130,11.951175
1.0,113,11.983901
0.0,16,11.988653
0.0,54,12.004722
0.0,19,12.01036
0.0,55,12.027227
1.0,55,12.043596
0.0,3,12.044497
0.0,62,12.06295
0.0,16,12.067747
0.0,50,12.082471
0.0,20,12.087474
1.0,23,12.094108
0.0,6,12.095744
0.0,43,12.108516
1.0,23,12.115251
0.0,26,12.122685
0.0,23,12.129231
0.0,10,12.132102
1.0,86,12.157025
0.0,17,12.162072
0.0,4,12.163278
0.0,93,12.190994
1.0,77,12.213619
1.0,46,12.225655
0.0,6,12.227349
0.0,16,12.232058
0.0,11,12.23501
0.0,19,12.240337
0.0,54,12.254913
0.0,3,12.255826
0.0,138,12.297146
0.0,2,12.297757
0.0,6,12.299551
0.0,25,12.307017
0.0,30,12.315254
0.0,3,12.316144
0.0,70,12.336957
0.0,42,12.349485
1.0,51,12.36443
0.0,25,12.371821
0.0,22,12.378406
0.0,11,12.381493
0.0,7,12.383577
0.0,22,12.390142
0.0,18,12.394897
0.0,8,12.397042
1.0,22,12.402737
0.0,7,12.404814
0.0,37,12.415756
0.0,18,12.420587
1.0,10,12.423038
0.0,42,12.434841
0.0,5,12.436253
1.0,31,12.444765
0.0,56,12.461565
0.0,66,12.481128
0.0,23,12.486923
0.0,17,12.491361
0.0,6,12.493048
1.0,8,12.495307
0.0,60,12.513007
0.0,25,12.520236
0.0,11,12.52323
0.0,21,12.529051
1.0,107,12.560611
1.0,25,12.567663
0.0,52,12.58242
0.0,41,12.594661
1.0,9,12.597111
0.0,26,12.603955
0.0,13,12.607578
0.0,13,12.611175
0.0,137,12.651435
0.0,13,12.655179
0.0,24,12.661887
0.0,101,12.691869
0.0,16,12.696647
0.0,77,12.718685
0.0,9,12.721317
0.0,20,12.72688
1.0,17,12.731327
1.0,72,12.750723
0.0,16,12.755026
0.0,6,12.756695
0.0,14,12.760863
1.0,31,12.769822
0.0,13,12.773687
0.0,59,12.79132
0.0,2,12.791916
1.0,42,12.804169
0.0,135,12.844327
1.0,20,12.849504
0.0,16,12.85363
0.0,7,12.85572
1.0,30,12.863625
1.0,32,12.872097
0.0,4,12.873326
1.0,8,12.87554
0.0,20,12.880644
0.0,48,12.895084
1.0,24,12.901988
1.0,11,12.905002
0.0,11,12.907947
0.0,57,12.923287
0.0,7,12.925279
0.0,3,12.926118
0.0,9,12.928795
0.0,24,12.935657
0.0,29,12.944125
0.0,3,12.945028
1.0,11,12.94803
0.0,47,12.961902
1.0,24,12.968794
0.0,14,12.972756
0.0,4,12.973958
1.0,27,12.981522
0.0,59,12.999061
0.0,120,13.034953
1.0,19,13.040523
0.0,5,13.041917
0.0,9,13.044385
0.0,18,13.04954
0.0,4,13.05075
1.0,36,13.060718
0.0,12,13.064321
0.0,22,13.070331
0.0,16,13.075097
1.0,26,13.082844
0.0,26,13.090306
0.0,56,13.106682
0.0,27,13.113992
1.0,11,13.116882
0.0,84,13.141886
0.0,106,13.173377
0.0,7,13.175316
0.0,65,13.194446
1.0,114,13.228446
0.0,14,13.232462
0.0,93,13.25947
0.0,3,13.26033
1.0,78,13.28351
0.0,18,13.2887
0.0,19,13.294057
0.0,36,13.304236
0.0,88,13.329907
0.0,23,13.336306
0.0,7,13.33828
0.0,9,13.340899
0.0,7,13.342886
1.0,168,13.392312
0.0,5,13.393772
1.0,261,13.471347
0.0,22,13.477922
0.0,23,13.484571
0.0,11,13.487719
0.0,3,13.488621
0.0,37,13.499054
0.0,4,13.500259
0.0,3,13.501105
0.0,67,13.521033
0.0,27,13.528891
0.0,3,13.529711
0.0,50,13.544665
0.0,3,13.545561
0.0,21,13.551843
0.0,20,13.557792
1.0,29,13.566194
0.0,74,13.588328
0.0,160,13.636362
0.0,15,13.640871
0.0,50,13.655612
0.0,45,13.669181
0.0,98,13.698458
0.0,78,13.721836
0.0,144,13.765144
0.0,36,13.775192
0.0,88,13.801695
0.0,53,13.817495
0.0,6,13.8193
1.0,34,13.829053
0.0,41,13.841154
0.0,157,13.887929
0.0,17,13.893048
0.0,6,13.894843
0.0,103,13.924716
0.0,16,13.929456
0.0,24,13.936558
0.0,4,13.937764
0.0,71,13.958888
0.0,97,13.98671
1.0,132,14.025844
0.0,135,14.066473
0.0,4,14.067681
1.0,85,14.092848
0.0,30,14.101826
0.0,94,14.12995
0.0,27,14.138029
0.0,100,14.166704
0.0,39,14.178299
0.0,7,14.180177
0.0,6,14.18189
0.0,4,14.183074
0.0,3,14.183884
0.0,31,14.19282
0.0,35,14.203082
0.0,29,14.211642
0.0,29,14.220116
0.0,12,14.223686
0.0,18,14.229043
0.0,6,14.230747
0.0,129,14.268034
0.0,117,14.302101
0.0,8,14.304506
0.0,26,14.312232
0.0,204,14.37306
1.0,55,14.388673
0.0,31,14.397431
0.0,19,14.402373
0.0,6,14.404037
0.0,31,14.412419
1.0,19,14.417497
0.0,17,14.422155
0.0,84,14.447222
0.0,27,14.454795
1.0,5,14.456182
0.0,33,14.466032
0.0,4,14.46721
0.0,19,14.472544
0.0,9,14.475087
0.0,11,14.478089
0.0,24,14.48505
0.0,23,14.491687
0.0,4,14.492755
0.0,8,14.494896
1.0,73,14.51515
1.0,72,14.534804
0.0,12,14.537978
0.0,53,14.553117
0.0,22,14.558923
0.0,6,14.560574
0.0,148,14.604648
1.0,23,14.611223
0.0,4,14.61231
0.0,6,14.613982
0.0,26,14.620839
0.0,3,14.621718
0.0,53,14.636907
0.0,25,14.644005
0.0,69,14.664482
0.0,48,14.678376
0.0,17,14.683247
1.0,84,14.708012
0.0,2,14.708615
0.0,35,14.718685
0.0,9,14.720961
0.0,38,14.731877
0.0,46,14.744738
1.0,5,14.746092
0.0,73,14.767455
0.0,5,14.768856
0.0,61,14.786884
1.0,52,14.801819
0.0,12,14.805013
1.0,49,14.818838
1.0,59,14.835844
1.0,82,14.858737
0.0,12,14.86188
0.0,155,14.907829
0.0,98,14.937287
0.0,2,14.937927
0.0,48,14.952212
1.0,164,15.00111
0.0,20,15.006821
0.0,32,15.016105
0.0,22,15.022501
1.0,84,15.047331
0.0,39,15.058009
0.0,124,15.094469
0.0,27,15.102323
0.0,141,15.144375
0.0,56,15.161004
0.0,92,15.188082
0.0,7,15.190025
0.0,193,15.247198
1.0,240,15.317844
0.0,177,15.370769
0.0,114,15.40474
0.0,20,15.410712
0.0,10,15.4137
0.0,3,15.414604
1.0,23,15.420859
0.0,27,15.428903
0.0,171,15.479971
1.0,63,15.497857
0.0,54,15.513883
0.0,124,15.550929
1.0,34,15.560575
0.0,72,15.580723
0.0,22,15.586752
1.0,24,15.593661
0.0,32,15.603003
1.0,136,15.64347
1.0,24,15.650355
0.0,6,15.652048
0.0,50,15.66679
1.0,63,15.685167
0.0,18,15.6904
0.0,32,15.699227
1.0,14,15.703146
0.0,46,15.716738
0.0,14,15.720328
0.0,8,15.722532
0.0,48,15.736674
0.0,2,15.737276
0.0,13,15.740824
0.0,54,15.756805
0.0,3,15.757698
0.0,8,15.759851
0.0,42,15.772034
1.0,25,15.778936
0.0,24,15.785186
0.0,3,15.786032
0.0,6,15.787781
0.0,31,15.796448
0.0,10,15.799414
0.0,7,15.801326
0.0,23,15.807882
1.0,73,15.829142
0.0,33,15.838556
0.0,24,15.845568
0.0,88,15.87109
1.0,42,15.882937
0.0,4,15.883991
0.0,55,15.899727
0.0,3,15.900534
0.0,13,15.904352
0.0,32,15.913916
0.0,72,15.935199
0.0,25,15.94235
0.0,24,15.949494
0.0,91,15.97634
1.0,41,15.987488
0.0,4,15.988623
0.0,116,16.021901
1.0,46,16.035247
0.0,81,16.059325
1.0,8,16.061553
0.0,59,16.07883
0.0,20,16.084289
0.0,16,16.088864
0.0,21,16.095087
0.0,16,16.099231
0.0,21,16.104933
0.0,44,16.11736
0.0,32,16.126224
1.0,58,16.142046
0.0,8,16.144146
0.0,2,16.144715
0.0,92,16.172442
0.0,8,16.174654
0.0,6,16.176383
0.0,14,16.180004
0.0,42,16.190841
1.0,28,16.198021
0.0,7,16.199773
0.0,13,16.203169
0.0,18,16.208079
0.0,18,16.21295
1.0,17,16.217993
0.0,5,16.219371
0.0,2,16.219915
0.0,17,16.224998
0.0,89,16.250749
0.0,30,16.259482
0.0,7,16.261363
0.0,27,16.268912
0.0,170,16.319026
0.0,19,16.324356
0.0,22,16.330284
0.0,33,16.33983
0.0,4,16.341001
0.0,30,16.349952
0.0,24,16.357121
0.0,91,16.384248
1.0,23,16.390206
0.0,3,16.391027
1.0,25,16.397458
0.0,10,16.400098
0.0,9,16.402456
0.0,5,16.403822
0.0,3,16.404685
0.0,5,16.405975
1.0,23,16.412366
0.0,94,16.440009
0.0,26,16.447752
0.0,2,16.448356
0.0,59,16.465
0.0,42,16.477253
1.0,61,16.495044
0.0,14,16.499216
0.0,10,16.502176
1.0,34,16.512082
0.0,15,16.516575
1.0,29,16.524572
1.0,26,16.531561
0.0,25,16.53818
0.0,3,16.539066
0.0,8,16.541343
0.0,23,16.5482
0.0,3,16.549091
1.0,73,16.57029
0.0,26,16.577065
0.0,21,16.582793
0.0,5,16.584143
0.0,12,16.587696
0.0,3,16.588586
0.0,15,16.593032
0.0,16,16.597636
0.0,72,16.61911
0.0,18,16.624455
0.0,41,16.635411
0.0,3,16.636314
0.0,24,16.642922
0.0,26,16.650654
0.0,20,16.655933
0.0,85,16.680785
0.0,15,16.685264
0.0,83,16.710062
0.0,61,16.727759
0.0,58,16.744481
0.0,29,16.752555
0.0,16,16.757127
1.0,17,16.761827
1.0,29,16.770103
0.0,11,16.773056
0.0,21,16.779121
1.0,67,16.798394
1.0,18,16.80297
0.0,40,16.81446
1.0,10,16.817115
0.0,10,16.819803
0.0,15,16.824042
0.0,16,16.828224
1.0,88,16.853168
0.0,12,16.856675
0.0,177,16.907311
1.0,47,16.920173
0.0,4,16.921259
1.0,20,16.926744
1.0,24,16.932825
0.0,3,16.933672
1.0,32,16.942845
1.0,24,16.94935
1.0,16,16.953564
1.0,11,16.956234
0.0,30,16.963964
0.0,6,16.965545
0.0,6,16.967159
0.0,73,16.988654
0.0,25,16.996095
0.0,30,17.00448
0.0,27,17.012449
0.0,9,17.014848
0.0,44,17.027395
0.0,87,17.051462
0.0,8,17.053689
1.0,45,17.066493
0.0,82,17.090118
0.0,7,17.092038
0.0,3,17.092871
0.0,22,17.09941
0.0,13,17.103275
0.0,98,17.132325
0.0,22,17.138927
0.0,15,17.143108
0.0,45,17.155957
0.0,12,17.159327
1.0,175,17.210159
0.0,210,17.272942
0.0,42,17.285124
0.0,82,17.309505
0.0,44,17.32116
0.0,11,17.323985
0.0,5,17.325432
0.0,3,17.326295
0.0,87,17.351731
0.0,42,17.364092
1.0,36,17.373867
0.0,8,17.376223
0.0,40,17.387973
0.0,45,17.401204
1.0,78,17.424207
0.0,140,17.465688
0.0,15,17.470128
0.0,97,17.498807
0.0,18,17.504151
0.0,38,17.515232
0.0,68,17.535205
0.0,7,17.537117
0.0,56,17.552785
0.0,14,17.556867
0.0,64,17.575937
0.0,28,17.584207
0.0,37,17.594862
0.0,182,17.648444
0.0,71,17.669297
1.0,83,17.693367
0.0,110,17.725703
0.0,41,17.737304
0.0,113,17.771018
0.0,20,17.776979
0.0,23,17.783863
1.0,33,17.793554
0.0,83,17.81696
0.0,38,17.828326
0.0,6,17.830059
0.0,171,17.880357
0.0,85,17.905731
0.0,4,17.906938
0.0,43,17.919537
1.0,53,17.935008
0.0,9,17.937706
0.0,17,17.942729
1.0,26,17.950372
0.0,7,17.95235
0.0,16,17.957135
0.0,38,17.96831
0.0,17,17.973189
0.0,46,17.986942
0.0,22,17.993504
1.0,53,18.008474
0.0,8,18.010885
1.0,40,18.022228
0.0,20,18.028194
1.0,125,18.065469
0.0,37,18.076464
0.0,5,18.077976
0.0,39,18.089624
0.0,75,18.11194
0.0,13,18.115642
0.0,19,18.121341
0.0,6,18.123017
0.0,11,18.126272
1.0,68,18.146119
0.0,16,18.15091
1.0,57,18.167648
0.0,36,18.178295
1.0,10,18.18106
0.0,47,18.195084
0.0,44,18.207739
0.0,10,18.210317
0.0,32,18.219856
0.0,22,18.226358
0.0,8,18.228462
0.0,53,18.24427
0.0,55,18.260615
0.0,18,18.265632
0.0,13,18.269397
0.0,32,18.278312
1.0,52,18.293145
0.0,3,18.294048
0.0,7,18.296108
0.0,40,18.307363
0.0,12,18.310684
0.0,108,18.343052
0.0,172,18.39441
0.0,58,18.411518
0.0,49,18.426031
0.0,10,18.428946
0.0,21,18.435183
0.0,112,18.467962
0.0,18,18.473312
0.0,6,18.474959
0.0,51,18.489735
0.0,31,18.499055
0.0,11,18.502373
0.0,5,18.503868
1.0,76,18.526041
0.0,264,18.604816
0.0,46,18.618092
0.0,57,18.63445
0.0,19,18.64005
0.0,38,18.651005
0.0,31,18.660135
0.0,55,18.675992
0.0,101,18.706043
0.0,24,18.713049
0.0,32,18.722509
0.0,25,18.729992
0.0,25,18.737477
0.0,16,18.742252
0.0,29,18.750875
1.0,49,18.76507
0.0,23,18.771908
0.0,44,18.784824
1.0,68,18.803599
1.0,116,18.837318
0.0,19,18.84291
0.0,3,18.843809
0.0,8,18.846207
0.0,106,18.877926
0.0,8,18.880138
0.0,15,18.883991
0.0,90,18.911093
1.0,16,18.915394
1.0,45,18.928352
1.0,17,18.93271
0.0,21,18.937935
1.0,38,18.947675
1.0,18,18.952523
0.0,14,18.95605
0.0,3,18.956956
0.0,30,18.965906
0.0,42,18.978332
0.0,4,18.979529
0.0,8,18.981786
1.0,101,19.01172
0.0,19,19.01712
0.0,15,19.021614
0.0,18,19.026428
0.0,3,19.027274
0.0,121,19.063871
0.0,6,19.065556
0.0,8,19.067718
0.0,7,19.069755
0.0,14,19.073465
1.0,11,19.076489
0.0,23,19.082604
0.0,23,19.088804
0.0,4,19.090004
0.0,8,19.092056
1.0,17,19.09673
0.0,7,19.098627
0.0,90,19.125765
0.0,38,19.137201
0.0,3,19.138105
0.0,15,19.142586
0.0,58,19.159864
0.0,22,19.166404
0.0,21,19.172546
0.0,53,19.188393
1.0,135,19.228135
0.0,105,19.259478
1.0,45,19.27255
0.0,32,19.281805
0.0,60,19.299156
0.0,13,19.30306
0.0,36,19.313753
0.0,47,19.32762
0.0,22,19.334064
1.0,114,19.366119
0.0,25,19.373422
0.0,18,19.378814
1.0,41,19.389552
1.0,94,19.41736
0.0,76,19.43964
1.0,33,19.449303
1.0,37,19.459566
0.0,16,19.464185
0.0,48,19.477309
0.0,14,19.481463
0.0,14,19.485511
0.0,23,19.492062
0.0,97,19.52042
1.0,34,19.529733
0.0,86,19.554008
1.0,33,19.563379
0.0,14,19.567469
0.0,3,19.56837
0.0,79,19.591735
0.0,76,19.614594
0.0,7,19.616472
0.0,41,19.628603
0.0,3,19.62951
1.0,26,19.63656
0.0,26,19.643851
0.0,22,19.650283
0.0,49,19.664315
1.0,35,19.673319
1.0,24,19.679575
0.0,7,19.681485
0.0,254,19.757262
0.0,113,19.790692
0.0,19,19.796169
0.0,4,19.797373
0.0,12,19.800493
0.0,7,19.802316
0.0,210,19.864806
1.0,25,19.871759
1.0,23,19.878338
0.0,30,19.88721
0.0,26,19.894327
0.0,64,19.911717
0.0,10,19.914417
0.0,8,19.916571
0.0,68,19.935014
0.0,18,19.9402
0.0,131,19.978992
1.0,17,19.983519
0.0,43,19.996056
0.0,29,20.003704
0.0,5,20.005148
0.0,8,20.00732
0.0,36,20.017435
0.0,25,20.024315
0.0,9,20.02682
0.0,102,20.057402
1.0,85,20.082464
0.0,60,20.100341
0.0,25,20.10729
1.0,7,20.109189
1.0,39,20.119677
1.0,16,20.124086
1.0,37,20.133888
1.0,33,20.143043
1.0,25,20.149969
1.0,27,20.157221
0.0,37,20.167345
0.0,32,20.176518
0.0,3,20.177421
0.0,37,20.188008
1.0,55,20.203035
0.0,9,20.20571
0.0,53,20.220514
1.0,21,20.226289
0.0,138,20.266484
0.0,2,20.267037
0.0,6,20.268795
0.0,24,20.274918
0.0,26,20.282213
1.0,14,20.28589
0.0,48,20.299062
0.0,30,20.307987
0.0,6,20.309659
0.0,4,20.310845
0.0,14,20.314715
0.0,11,20.317778
1.0,16,20.322298
0.0,3,20.323122
1.0,110,20.355685
1.0,14,20.359564
0.0,45,20.372814
0.0,12,20.376334
0.0,30,20.384804
0.0,11,20.387996
0.0,6,20.38958
0.0,3,20.390422
1.0,82,20.414156
0.0,10,20.417127
0.0,38,20.428174
1.0,80,20.451644
1.0,16,20.455961
0.0,11,20.459051
1.0,25,20.465859
0.0,7,20.467785
1.0,38,20.478685
0.0,10,20.48127
1.0,12,20.484603
1.0,95,20.51084
0.0,115,20.543926
1.0,70,20.563345
0.0,9,20.565858
1.0,68,20.585314
0.0,12,20.588833
1.0,29,20.597047
0.0,95,20.62445
0.0,30,20.632612
0.0,11,20.635822
0.0,22,20.642392
0.0,16,20.646914
1.0,53,20.661578
1.0,37,20.671451
1.0,41,20.682673
1.0,42,20.694131
0.0,13,20.697839
0.0,70,20.718286
1.0,24,20.725115
0.0,33,20.735
0.0,93,20.762524
0.0,15,20.766522
0.0,86,20.792176
1.0,42,20.803986
1.0,32,20.813027
1.0,51,20.827442
1.0,9,20.829881
0.0,31,20.838131
0.0,38,20.849481
0.0,12,20.85269
0.0,10,20.855299
1.0,48,20.868636
0.0,4,20.869819
1.0,13,20.873133
0.0,14,20.876915
1.0,29,20.884473
0.0,34,20.893565
1.0,13,20.897073
0.0,11,20.899927
0.0,3,20.900772
0.0,55,20.917032
0.0,42,20.92862
0.0,20,20.934356
0.0,15,20.938558
0.0,8,20.940826
1.0,40,20.951951
0.0,17,20.956485
0.0,42,20.968055
1.0,14,20.971908
0.0,11,20.97512
1.0,46,20.988134
0.0,6,20.989775
0.0,32,20.998741
1.0,21,21.004627
1.0,28,21.01208
0.0,9,21.01447
0.0,20,21.019997
1.0,42,21.032019
0.0,19,21.037455
0.0,30,21.045348
0.0,3,21.046192
1.0,60,21.064015
0.0,5,21.065509
0.0,29,21.073713
1.0,44,21.086214
0.0,7,21.088221
0.0,61,21.106299
0.0,33,21.115786
0.0,2,21.116359
1.0,36,21.126729
0.0,33,21.13637
1.0,21,21.142532
1.0,15,21.146607
1.0,15,21.150577
0.0,7,21.152461
0.0,73,21.171416
0.0,13,21.175067
0.0,6,21.176695
0.0,55,21.192245
0.0,26,21.199567
1.0,23,21.205989
0.0,34,21.215779
0.0,9,21.218201
1.0,74,21.240041
0.0,8,21.242251
0.0,21,21.248225
0.0,17,21.252937
0.0,56,21.268858
0.0,41,21.280867
1.0,33,21.289832
1.0,42,21.301128
0.0,53,21.316679
0.0,99,21.346247
1.0,34,21.356232
0.0,12,21.359443
1.0,11,21.3623
1.0,26,21.368861
0.0,8,21.371206
1.0,29,21.378924
1.0,12,21.382127
0.0,9,21.384489
1.0,26,21.391948
1.0,28,21.399553
1.0,23,21.405425
0.0,11,21.408246
1.0,16,21.412446
0.0,19,21.417784
0.0,6,21.419479
1.0,24,21.42561
0.0,14,21.429205
0.0,61,21.44727
0.0,8,21.449462
0.0,80,21.473264
0.0,14,21.477283
1.0,33,21.486457
0.0,3,21.487359
1.0,16,21.491842
0.0,14,21.495892
0.0,6,21.4976
0.0,7,21.499495
1.0,21,21.505106
1.0,23,21.511402
1.0,27,21.518626
1.0,8,21.520879
0.0,30,21.52942
0.0,6,21.531221
0.0,14,21.534978
0.0,4,21.536121
0.0,38,21.547525
0.0,48,21.56085
0.0,31,21.569631
0.0,26,21.576787
0.0,5,21.578193
0.0,19,21.583853
1.0,37,21.594927
1.0,16,21.599521
0.0,24,21.606294
1.0,26,21.613447
0.0,22,21.619826
0.0,12,21.623421
0.0,3,21.624261
0.0,6,21.626007
0.0,27,21.633487
1.0,50,21.647412
1.0,21,21.653395
0.0,7,21.655481
1.0,16,21.659921
1.0,9,21.662382
1.0,17,21.666517
0.0,20,21.671507
0.0,3,21.67238
0.0,11,21.675414
0.0,33,21.684669
0.0,23,21.690304
1.0,49,21.703532
1.0,21,21.70885
0.0,8,21.710938
0.0,27,21.718026
0.0,7,21.720046
1.0,25,21.727229
0.0,3,21.72813
0.0,11,21.730956
1.0,48,21.743568
0.0,11,21.746515
0.0,19,21.751659
0.0,11,21.75483
0.0,11,21.757905
0.0,4,21.759094
1.0,42,21.770914
1.0,33,21.780054
0.0,10,21.783031
0.0,20,21.78899
1.0,58,21.805865
1.0,31,21.814127
1.0,9,21.816381
0.0,11,21.819149
1.0,21,21.824798
1.0,17,21.829111
0.0,20,21.834606
0.0,3,21.835439
1.0,38,21.846323
0.0,56,21.862988
1.0,38,21.873686
0.0,13,21.877201
0.0,23,21.883356
1.0,18,21.888238
0.0,4,21.889455
0.0,11,21.892432
0.0,9,21.894853
0.0,8,21.896911
1.0,37,21.906847
0.0,2,21.90736
0.0,5,21.908847
1.0,138,21.949623
0.0,6,21.951396
0.0,44,21.963321
1.0,39,21.97431
0.0,3,21.975205
0.0,10,21.977936
0.0,6,21.97967
0.0,4,21.980799
0.0,7,21.982678
1.0,39,21.993596
0.0,32,22.00281
0.0,66,22.02235
0.0,14,22.025883
0.0,12,22.029184
0.0,38,22.040395
0.0,46,22.053581
1.0,15,22.057381
0.0,12,22.0605
0.0,29,22.068339
1.0,22,22.074361
1.0,9,22.076827
0.0,14,22.080372
0.0,21,22.086266
0.0,6,22.088024
0.0,17,22.09284
0.0,7,22.09474
0.0,203,22.154792
0.0,43,22.167642
0.0,15,22.171584
0.0,5,22.173022
0.0,117,22.207669
0.0,112,22.241103
0.0,5,22.242516
0.0,49,22.256705
0.0,4,22.257845
0.0,14,22.261763
0.0,4,22.262956
0.0,23,22.269104
1.0,12,22.272302
0.0,100,22.301747
0.0,4,22.302919
1.0,29,22.310217
0.0,21,22.315504
0.0,10,22.318194
0.0,27,22.325782
0.0,104,22.356328
0.0,2,22.356933
0.0,292,22.442464
0.0,38,22.453683
0.0,34,22.463408
0.0,104,22.494338
1.0,144,22.536487
0.0,36,22.546743
1.0,17,22.551289
0.0,123,22.58748
0.0,2,22.588053
1.0,20,22.593473
0.0,54,22.609653
1.0,51,22.624536
0.0,96,22.653164
0.0,65,22.6727
0.0,54,22.688854
0.0,50,22.703551
0.0,16,22.70797
0.0,6,22.709572
0.0,3,22.710441
1.0,135,22.749593
0.0,130,22.788252
0.0,37,22.799295
0.0,64,22.818425
0.0,7,22.82052
0.0,22,22.826642
0.0,8,22.828779
1.0,111,22.861973
0.0,67,22.881956
1.0,53,22.897111
0.0,14,22.901301
0.0,7,22.903377
0.0,28,22.911794
0.0,61,22.929982
1.0,37,22.940878
0.0,215,23.004443
0.0,40,23.015941
0.0,20,23.021288
1.0,57,23.037356
0.0,5,23.038864
0.0,5,23.040174
0.0,139,23.080282
1.0,62,23.098653
1.0,51,23.11327
0.0,21,23.119386
0.0,3,23.120289
1.0,120,23.155682
0.0,14,23.159569
1.0,94,23.187313
0.0,9,23.189713
0.0,210,23.252458
0.0,29,23.260838
0.0,86,23.285453
0.0,12,23.289017
0.0,122,23.324868
0.0,97,23.353589
0.0,37,23.363892
1.0,167,23.413351
0.0,2,23.413899
0.0,100,23.443407
0.0,6,23.444946
0.0,73,23.46631
1.0,256,23.54199
0.0,52,23.55725
1.0,65,23.576134
0.0,20,23.58203
1.0,79,23.604235
0.0,17,23.608752
1.0,24,23.61543
1.0,21,23.620674
1.0,20,23.625956
0.0,82,23.64955
0.0,66,23.668956
0.0,27,23.675994
0.0,22,23.6825
0.0,19,23.687599
0.0,43,23.699301
0.0,93,23.726684
0.0,37,23.737478
0.0,5,23.73896
0.0,49,23.753572
0.0,59,23.771003
1.0,13,23.774362
0.0,22,23.780717
1.0,13,23.784278
1.0,6,23.785814
1.0,39,23.796655
0.0,9,23.798939
1.0,13,23.802089
0.0,76,23.824136
0.0,4,23.825248
1.0,23,23.831504
1.0,21,23.836937
0.0,3,23.837756
0.0,29,23.846231
0.0,109,23.877695
0.0,32,23.887143
0.0,186,23.942327
0.0,181,23.996162
0.0,84,24.021127
0.0,55,24.037503
0.0,72,24.057538
1.0,24,24.064389
0.0,12,24.067387
0.0,12,24.070841
0.0,16,24.075628
1.0,48,24.088571
0.0,18,24.093703
0.0,19,24.099319
0.0,10,24.102122
0.0,65,24.120566
1.0,4,24.121724
0.0,96,24.149961
0.0,7,24.151872
0.0,34,24.160758
1.0,16,24.165328
0.0,36,24.175352
1.0,8,24.177401
0.0,9,24.179749
0.0,58,24.196736
0.0,11,24.199532
0.0,6,24.201074
0.0,11,24.204127
0.0,13,24.207921
0.0,55,24.22407
1.0,48,24.237925
0.0,61,24.255633
1.0,21,24.261549
0.0,8,24.263645
1.0,15,24.26751
0.0,6,24.269096
0.0,2,24.269611
0.0,66,24.288243
0.0,26,24.295362
0.0,38,24.306395
0.0,123,24.342417
1.0,6,24.344109
0.0,80,24.367427
0.0,75,24.389666
0.0,3,24.390567
0.0,13,24.394414
1.0,48,24.407986
1.0,5,24.409342
1.0,10,24.41183
1.0,25,24.418528
1.0,19,24.423451
0.0,76,24.445714
1.0,6,24.447327
0.0,3,24.448151
0.0,42,24.460446
1.0,13,24.464228
0.0,15,24.468604
0.0,162,24.516523
0.0,2,24.517097
0.0,100,24.546529
0.0,233,24.614728
1.0,40,24.626058
0.0,9,24.628383
0.0,63,24.646079
0.0,12,24.649503
0.0,57,24.666401
0.0,61,24.684554
0.0,56,24.701093
0.0,44,24.713941
0.0,153,24.75941
0.0,4,24.760533
0.0,46,24.774133
0.0,40,24.785724
0.0,35,24.796167
0.0,15,24.8005
0.0,189,24.85672
1.0,7,24.858692
0.0,124,24.894909
0.0,57,24.911747
0.0,28,24.919149
1.0,38,24.92972
0.0,37,24.940429
0.0,11,24.943604
0.0,7,24.945534
0.0,80,24.969269
1.0,21,24.975246
1.0,23,24.981644
0.0,39,24.992939
1.0,57,25.009523
0.0,3,25.010429
0.0,192,25.067682
1.0,51,25.083038
1.0,27,25.090135
0.0,30,25.098312
1.0,24,25.105168
0.0,9,25.107667
0.0,30,25.116345
1.0,36,25.126803
1.0,19,25.131617
0.0,8,25.133857
0.0,6,25.135492
0.0,3,25.136363
0.0,75,25.157249
1.0,19,25.162391
0.0,29,25.170609
0.0,153,25.215738
1.0,60,25.233333
0.0,2,25.233938
0.0,6,25.235653
0.0,46,25.249377
0.0,7,25.251246
1.0,39,25.261528
1.0,38,25.272682
1.0,10,25.275452
0.0,14,25.279151
0.0,9,25.281614
1.0,10,25.284427
0.0,4,25.285533
0.0,16,25.290314
0.0,56,25.306869
0.0,4,25.308065
0.0,12,25.311219
0.0,23,25.317973
0.0,19,25.323342
0.0,6,25.325045
1.0,43,25.337194
0.0,10,25.339926
1.0,83,25.363663
0.0,20,25.369011
0.0,26,25.376449
1.0,13,25.380133
1.0,27,25.387503
0.0,10,25.390199
0.0,26,25.396987
1.0,11,25.400045
0.0,3,25.400954
0.0,19,25.406609
0.0,3,25.407452
0.0,28,25.415851
1.0,316,25.508648
0.0,56,25.524973
0.0,89,25.551165
0.0,166,25.600538
0.0,21,25.606618
0.0,74,25.628434
0.0,20,25.634347
0.0,48,25.647826
0.0,94,25.67531
0.0,6,25.676916
0.0,37,25.687924
0.0,36,25.698447
1.0,103,25.728097
0.0,4,25.729181
0.0,2,25.729781
0.0,247,25.803212
0.0,24,25.809719
0.0,4,25.810855
0.0,7,25.812727
0.0,34,25.82221
0.0,23,25.828858
0.0,82,25.852748
0.0,4,25.853913
0.0,46,25.867566
0.0,84,25.891902
0.0,6,25.89367
0.0,2,25.894268
0.0,34,25.904241
0.0,15,25.908423
0.0,13,25.912256
1.0,100,25.941638
0.0,42,25.954035
0.0,93,25.98171
0.0,30,25.990012
0.0,27,25.997986
0.0,23,26.004745
1.0,22,26.010834
0.0,48,26.025066
0.0,3,26.025893
1.0,23,26.032207
0.0,40,26.043942
0.0,39,26.055381
0.0,7,26.05729
1.0,34,26.067075
0.0,3,26.067888
0.0,22,26.073999
0.0,6,26.075584
0.0,44,26.087961
0.0,17,26.092741
1.0,9,26.095093
0.0,29,26.103401
1.0,17,26.108294
1.0,18,26.112859
0.0,7,26.114858
0.0,9,26.117278
0.0,17,26.122178
0.0,55,26.138509
1.0,13,26.141967
1.0,20,26.147353
0.0,9,26.149672
0.0,10,26.152363
0.0,7,26.154213
1.0,87,26.179475
1.0,19,26.184378
0.0,3,26.185281
1.0,34,26.195006
1.0,29,26.202621
0.0,6,26.204298
0.0,18,26.209491
0.0,13,26.212704
0.0,3,26.213545
1.0,68,26.232127
0.0,13,26.235764
1.0,94,26.261601
0.0,21,26.267811
1.0,43,26.279857
0.0,5,26.281352
1.0,46,26.293782
0.0,24,26.300739
1.0,50,26.315299
0.0,26,26.323042
0.0,11,26.326329
1.0,30,26.334202
0.0,17,26.339292
1.0,28,26.347092
0.0,37,26.357004
0.0,33,26.366191
0.0,13,26.370019
1.0,15,26.373817
0.0,63,26.392731
0.0,6,26.396435
1.0,27,26.407233
0.0,71,26.428738
0.0,16,26.433224
1.0,17,26.437741
0.0,45,26.450712
1.0,14,26.454431
0.0,7,26.456457
0.0,40,26.468228
1.0,7,26.470188
1.0,25,26.476537
0.0,24,26.483042
0.0,5,26.48451
1.0,27,26.491839
0.0,10,26.494541
1.0,10,26.497293
0.0,11,26.500042
0.0,3,26.500938
1.0,28,26.508649
0.0,9,26.511231
0.0,4,26.512428
1.0,26,26.519831
0.0,21,26.525495
1.0,39,26.536377
0.0,9,26.538813
0.0,5,26.540196
0.0,166,26.589164
0.0,16,26.593956
0.0,6,26.595642
1.0,31,26.60439
0.0,12,26.607966
1.0,49,26.621697
0.0,29,26.630248
1.0,20,26.635676
0.0,27,26.643159
0.0,23,26.649996
0.0,9,26.652347
0.0,5,26.65377
0.0,58,26.670108
0.0,25,26.677459
0.0,36,26.68799
0.0,34,26.697951
0.0,14,26.702108
1.0,24,26.708348
0.0,29,26.716966
1.0,22,26.722632
0.0,5,26.72407
0.0,46,26.737601
0.0,14,26.741366
0.0,5,26.742805
0.0,71,26.763812
1.0,59,26.78059
0.0,7,26.782517
0.0,18,26.787196
0.0,41,26.799338
0.0,33,26.808149
0.0,67,26.828076
1.0,54,26.843812
0.0,49,26.857806
1.0,86,26.88225
0.0,97,26.910468
0.0,20,26.91638
0.0,6,26.91818
0.0,42,26.930162
0.0,17,26.93478
1.0,53,26.949038
0.0,51,26.964031
0.0,13,26.967511
0.0,3,26.968404
1.0,49,26.982461
1.0,39,26.992612
1.0,36,27.002727
0.0,94,27.029824
0.0,21,27.035672
0.0,12,27.039232
0.0,28,27.046964
0.0,8,27.049002
0.0,3,27.049835
0.0,49,27.064148
0.0,16,27.06891
0.0,66,27.088337
0.0,27,27.096197
0.0,19,27.101672
0.0,16,27.106189
0.0,29,27.114761
0.0,37,27.125372
0.0,16,27.129792
0.0,29,27.138319
0.0,65,27.157321
0.0,59,27.174309
0.0,168,27.22369
0.0,27,27.230853
0.0,3,27.231696
0.0,20,27.237221
0.0,5,27.238664
0.0,15,27.243143
0.0,54,27.259181
0.0,34,27.269183
0.0,62,27.287284
0.0,42,27.299353
0.0,7,27.301383
0.0,31,27.310365
1.0,65,27.329588
1.0,37,27.340272
0.0,91,27.366902
1.0,20,27.372602
0.0,6,27.374375
0.0,87,27.399463
0.0,17,27.404198
1.0,49,27.418401
0.0,17,27.423392
0.0,6,27.425169
0.0,33,27.4341
1.0,41,27.445001
1.0,35,27.454772
1.0,17,27.459046
0.0,31,27.466773
0.0,9,27.4691
0.0,65,27.486005
1.0,41,27.496966
0.0,3,27.497865
0.0,84,27.522815
0.0,64,27.541502
1.0,21,27.546908
1.0,146,27.588394
0.0,4,27.58959
1.0,11,27.592667
0.0,6,27.594246
0.0,28,27.602019
0.0,29,27.609722
0.0,10,27.612507
0.0,22,27.618971
0.0,11,27.621878
0.0,3,27.622771
0.0,109,27.655115
1.0,63,27.673503
1.0,47,27.687133
0.0,23,27.69324
0.0,3,27.694109
1.0,9,27.696512
0.0,3,27.69732
0.0,26,27.704859
1.0,27,27.712516
0.0,13,27.716243
0.0,41,27.72844
0.0,75,27.75078
0.0,184,27.805251
0.0,72,27.826132
0.0,18,27.831255
0.0,124,27.868078
1.0,25,27.875323
0.0,81,27.898709
0.0,33,27.908406
1.0,20,27.914075
1.0,40,27.925062
0.0,71,27.946144
1.0,37,27.955638
1.0,40,27.96579
0.0,191,28.022553
0.0,6,28.02417
0.0,6,28.025895
0.0,13,28.029201
1.0,15,28.033293
0.0,10,28.036028
0.0,13,28.039376
0.0,7,28.04135
1.0,10,28.044014
0.0,15,28.048503
0.0,5,28.049937
0.0,3,28.050827
1.0,45,28.063115
0.0,5,28.064557
1.0,14,28.068031
0.0,34,28.077729
0.0,4,28.078864
0.0,3,28.079679
0.0,63,28.098617
1.0,25,28.105646
1.0,17,28.110084
1.0,32,28.118908
1.0,17,28.123747
1.0,18,28.128554
1.0,34,28.137725
0.0,5,28.13922
0.0,3,28.14012
0.0,7,28.142196
1.0,31,28.151255
0.0,7,28.153354
0.0,40,28.164774
1.0,17,28.169601
0.0,8,28.171775
1.0,22,28.177556
1.0,38,28.187849
1.0,25,28.194928
0.0,55,28.211154
0.0,28,28.219082
0.0,5,28.220548
0.0,33,28.230161
1.0,164,28.278245
1.0,19,28.283038
0.0,9,28.285552
0.0,33,28.295122
0.0,5,28.296591
0.0,131,28.335633
0.0,36,28.346361
1.0,61,28.363762
0.0,68,28.383296
0.0,6,28.384952
1.0,38,28.395191
0.0,2,28.395794
1.0,20,28.401078
0.0,4,28.402197
0.0,32,28.41162
0.0,7,28.413711
0.0,34,28.423713
0.0,18,28.429035
1.0,31,28.437246
0.0,28,28.445085
0.0,19,28.450438
0.0,12,28.454008
0.0,5,28.455436
0.0,141,28.497655
1.0,25,28.504405
0.0,13,28.508019
0.0,40,28.51976
0.0,3,28.520605
0.0,57,28.536803
1.0,79,28.55965
0.0,29,28.567347
0.0,24,28.573421
0.0,30,28.582435
1.0,41,28.594517
0.0,9,28.597083
1.0,54,28.611307
0.0,3,28.612207
1.0,37,28.623138
0.0,3,28.623961
0.0,49,28.637297
1.0,34,28.647016
0.0,27,28.654618
1.0,7,28.656552
0.0,6,28.658265
0.0,82,28.682425
0.0,21,28.687774
0.0,7,28.689603
0.0,21,28.695817
0.0,13,28.699261
0.0,15,28.702973
0.0,5,28.704284
0.0,54,28.719908
0.0,15,28.723793
0.0,5,28.725243
0.0,7,28.727097
0.0,3,28.727952
0.0,115,28.761784
0.0,3,28.762677
0.0,103,28.793092
1.0,81,28.816601
0.0,24,28.82347
0.0,13,28.827328
1.0,18,28.832068
0.0,37,28.842667
0.0,3,28.843569
0.0,5,28.845009
0.0,27,28.853043
0.0,20,28.858609
0.0,23,28.865411
1.0,44,28.878343
1.0,17,28.883337
0.0,11,28.886166
0.0,21,28.891849
1.0,34,28.901611
1.0,90,28.928099
0.0,5,28.929468
0.0,4,28.930609
0.0,3,28.93148
0.0,49,28.945441
0.0,53,28.960875
0.0,77,28.983532
